continent,country,league,season,team_name,total,status,result,points,overall_games_played,overall_won,overall_draw,overall_lost,overall_goals_diff,overall_goals_scored,overall_goals_against,overall_points,overall_position,home_games_played,home_won,home_draw,home_lost,home_goals_diff,home_goals_scored,home_goals_against,home_points,home_position,away_games_played,away_won,away_draw,away_lost,away_goals_diff,away_goals_scored,away_goals_against,away_points,away_position
Asia,Japan,J1 League,2019,Yokohama F Marinos,34,Promotion,AFC Champions League,70,34,22,4,8,30,68,38,70,1,17,12,3,2,23,37,14,39,1,17,10,1,6,7,31,24,31,2
Asia,Japan,J1 League,2019,FC Tokyo,34,Promotion,Champions League Qualification,64,34,19,7,8,17,46,29,64,2,17,12,2,3,16,29,13,38,2,17,7,5,5,1,17,16,26,6
Asia,Japan,J1 League,2019,Kashima Antlers,34,Promotion,Champions League Qualification,63,34,18,9,7,24,54,30,63,3,17,11,3,3,15,30,15,36,3,17,7,6,4,9,24,15,27,4
Asia,Japan,J1 League,2019,Kawasaki Frontale,34,same,NaN,60,34,16,12,6,23,57,34,60,4,17,5,9,3,4,21,17,24,11,17,11,3,3,19,36,17,36,1
Asia,Japan,J1 League,2019,Cerezo Osaka,34,same,NaN,59,34,18,5,11,14,39,25,59,5,17,9,3,5,10,21,11,30,5,17,9,2,6,4,18,14,29,3
Asia,Japan,J1 League,2019,Sanfrecce Hiroshima,34,same,NaN,55,34,15,10,9,16,45,29,55,6,17,7,7,3,10,21,11,28,6,17,8,3,6,6,24,18,27,5
Asia,Japan,J1 League,2019,Gamba Osaka,34,same,NaN,47,34,12,11,11,6,54,48,47,7,17,7,6,4,10,28,18,27,7,17,5,5,7,-4,26,30,20,10
Asia,Japan,J1 League,2019,Vissel Kobe,34,same,NaN,47,34,14,5,15,2,61,59,47,8,17,8,3,6,7,33,26,27,8,17,6,2,9,-5,28,33,20,11
Asia,Japan,J1 League,2019,Oita Trinita,34,same,NaN,47,34,12,11,11,0,35,35,47,9,17,7,3,7,2,18,16,24,12,17,5,8,4,-2,17,19,23,7
Asia,Japan,J1 League,2019,Hokkaido Consadole Sapporo,34,same,NaN,46,34,13,7,14,5,54,49,46,10,17,7,4,6,8,30,22,25,9,17,6,3,8,-3,24,27,21,9
Asia,Japan,J1 League,2019,Vegalta Sendai,34,same,NaN,41,34,12,5,17,-7,38,45,41,11,17,9,4,4,6,25,19,31,4,17,3,1,13,-13,13,26,10,18
Asia,Japan,J1 League,2019,Shimizu S-Pulse,34,same,NaN,39,34,11,6,17,-24,45,69,39,12,17,7,1,9,-19,21,40,22,14,17,4,5,8,-5,24,29,17,14
Asia,Japan,J1 League,2019,Nagoya Grampus,34,same,NaN,37,34,9,10,15,-5,45,50,37,13,17,7,3,7,4,22,18,24,10,17,2,7,8,-9,23,32,13,16
Asia,Japan,J1 League,2019,Urawa Red Diamonds,34,same,NaN,37,34,9,10,15,-16,34,50,37,14,17,4,3,10,-13,16,29,15,16,17,5,7,5,-3,18,21,22,8
Asia,Japan,J1 League,2019,Sagan Tosu,34,same,NaN,36,34,10,6,18,-21,32,53,36,15,17,7,2,8,-9,21,30,23,13,17,3,4,10,-12,11,23,13,17
Asia,Japan,J1 League,2019,Shonan Bellmare,34,Promotion,Relegation Playoff,36,34,10,6,18,-23,40,63,36,16,17,5,3,9,-15,19,34,18,15,17,5,3,9,-8,21,29,18,13
Asia,Japan,J1 League,2019,Matsumoto Yamaga FC,34,Relegation,NaN,31,34,6,13,15,-19,21,40,31,17,17,2,8,7,-8,10,18,14,17,17,4,5,8,-11,11,22,17,15
Asia,Japan,J1 League,2019,Jubilo Iwata,34,Relegation,NaN,31,34,8,7,19,-22,29,51,31,18,17,2,5,10,-12,16,28,11,18,17,6,2,9,-10,13,23,20,12
Asia,Japan,J1 League,2020,Kawasaki Frontale,24,Promotion,AFC Champions League,65,24,21,2,1,49,68,19,65,1,12,11,1,0,25,35,10,34,1,12,10,1,1,24,33,9,31,1
Asia,Japan,J1 League,2020,Cerezo Osaka,24,Promotion,AFC Champions League,48,24,15,3,6,11,36,25,48,2,12,7,2,3,8,17,9,23,4,12,8,1,3,3,19,16,25,4
Asia,Japan,J1 League,2020,FC Tokyo,26,Promotion,AFC Champions League,47,26,14,5,7,10,40,30,47,3,12,7,0,5,4,19,15,21,5,14,7,5,2,6,21,15,26,3
Asia,Japan,J1 League,2020,Gamba Osaka,23,Promotion,Champions League Qualification,45,23,14,3,6,8,33,25,45,4,11,5,1,5,-1,13,14,16,10,12,9,2,1,9,20,11,29,2
Asia,Japan,J1 League,2020,Nagoya Grampus,24,same,NaN,42,24,13,3,8,11,36,25,42,5,11,8,1,2,11,22,11,25,3,13,5,2,6,0,14,14,17,9
Asia,Japan,J1 League,2020,Kashima Antlers,25,same,NaN,42,25,13,3,9,6,39,33,42,6,10,5,3,2,3,17,14,18,6,15,8,0,7,3,22,19,24,5
Asia,Japan,J1 League,2020,Yokohama F Marinos,27,same,NaN,41,27,12,5,10,10,54,44,41,7,15,8,2,5,13,34,21,26,2,12,4,3,5,-3,20,23,15,11
Asia,Japan,J1 League,2020,Kashiwa Reysol,23,same,NaN,37,23,11,4,8,10,45,35,37,8,12,5,2,5,3,26,23,17,8,11,6,2,3,7,19,12,20,7
Asia,Japan,J1 League,2020,Urawa Red Diamonds,24,same,NaN,37,24,11,4,9,-3,34,37,37,9,13,4,3,6,-3,14,17,15,11,11,7,1,3,0,20,20,22,6
Asia,Japan,J1 League,2020,Sanfrecce Hiroshima,22,same,NaN,34,22,10,4,8,8,35,27,34,10,11,5,2,4,6,20,14,17,7,11,5,2,4,2,15,13,17,8
Asia,Japan,J1 League,2020,Vissel Kobe,27,same,NaN,33,27,8,9,10,-2,45,47,33,11,15,4,5,6,-2,25,27,17,9,12,4,4,4,0,20,20,16,10
Asia,Japan,J1 League,2020,Oita Trinita,24,same,NaN,29,24,8,5,11,-9,26,35,29,12,12,4,3,5,-5,10,15,15,12,12,4,2,6,-4,16,20,14,12
Asia,Japan,J1 League,2020,Yokohama FC,23,same,NaN,24,23,7,3,13,-15,28,43,24,13,11,4,1,6,-8,13,21,13,14,12,3,2,7,-7,15,22,11,13
Asia,Japan,J1 League,2020,Hokkaido Consadole Sapporo,24,same,NaN,24,24,6,6,12,-18,29,47,24,14,13,3,4,6,-7,17,24,13,13,11,3,2,6,-11,12,23,11,14
Asia,Japan,J1 League,2020,Sagan Tosu,23,same,NaN,20,23,4,8,11,-10,22,32,20,15,12,3,3,6,-2,12,14,12,15,11,1,5,5,-8,10,18,8,16
Asia,Japan,J1 League,2020,Shonan Bellmare,23,same,NaN,13,23,3,4,16,-19,18,37,13,16,12,2,3,7,-7,7,14,9,16,11,1,1,9,-12,11,23,4,18
Asia,Japan,J1 League,2020,Shimizu S-Pulse,24,same,NaN,13,24,3,4,17,-23,31,54,13,17,12,2,1,9,-6,21,27,7,17,12,1,3,8,-17,10,27,6,17
Asia,Japan,J1 League,2020,Vegalta Sendai,22,same,NaN,13,22,2,7,13,-24,21,45,13,18,10,0,4,6,-10,9,19,4,18,12,2,3,7,-14,12,26,9,15
Asia,Japan,J2 League,2019,Kashiwa Reysol,42,Promotion,Promotion,84,42,25,9,8,52,85,33,84,1,21,14,4,3,38,54,16,46,1,21,11,5,5,14,31,17,38,2
Asia,Japan,J2 League,2019,Yokohama FC,42,Promotion,Promotion,79,42,23,10,9,26,66,40,79,2,21,13,4,4,19,41,22,43,3,21,10,6,5,7,25,18,36,3
Asia,Japan,J2 League,2019,Omiya Ardija,42,Promotion,Promotion Playoffs,75,42,20,15,7,22,62,40,75,3,21,13,6,2,22,41,19,45,2,21,7,9,5,0,21,21,30,7
Asia,Japan,J2 League,2019,Tokushima Vortis,42,Promotion,Promotion Playoffs,73,42,21,10,11,22,67,45,73,4,21,12,5,4,16,36,20,41,4,21,9,5,7,6,31,25,32,5
Asia,Japan,J2 League,2019,Ventforet Kofu,42,Promotion,Promotion Playoffs,71,42,20,11,11,24,64,40,71,5,21,9,6,6,8,26,18,33,11,21,11,5,5,16,38,22,38,1
Asia,Japan,J2 League,2019,Montedio Yamagata,42,Promotion,Promotion Playoffs,70,42,20,10,12,19,59,40,70,6,21,11,3,7,10,25,15,36,9,21,9,7,5,9,34,25,34,4
Asia,Japan,J2 League,2019,Mito Hollyhock,42,same,NaN,70,42,19,13,10,19,56,37,70,7,21,11,7,3,17,34,17,40,5,21,8,6,7,2,22,20,30,6
Asia,Japan,J2 League,2019,Kyoto Sanga FC,42,same,NaN,68,42,19,11,12,3,59,56,68,8,21,11,7,3,15,33,18,40,6,21,8,4,9,-12,26,38,28,9
Asia,Japan,J2 League,2019,Fagiano Okayama,42,same,NaN,65,42,18,11,13,2,49,47,65,9,21,11,5,5,4,25,21,38,8,21,7,6,8,-2,24,26,27,11
Asia,Japan,J2 League,2019,Niigata Albirex,42,same,NaN,62,42,17,11,14,19,71,52,62,10,21,12,2,7,18,40,22,38,7,21,5,9,7,1,31,30,24,12
Asia,Japan,J2 League,2019,Zweigen Kanazawa,42,same,NaN,61,42,15,16,11,12,58,46,61,11,21,7,11,3,8,27,19,32,12,21,8,5,8,4,31,27,29,8
Asia,Japan,J2 League,2019,V-Varen Nagasaki,42,same,NaN,56,42,17,5,20,-4,57,61,56,12,21,9,2,10,-6,26,32,29,15,21,8,3,10,2,31,29,27,10
Asia,Japan,J2 League,2019,Tokyo Verdy,42,same,NaN,55,42,14,13,15,0,59,59,55,13,21,9,7,5,9,37,28,34,10,21,5,6,10,-9,22,31,21,15
Asia,Japan,J2 League,2019,FC Ryukyu,42,same,NaN,49,42,13,10,19,-23,57,80,49,14,21,8,5,8,-6,33,39,29,14,21,5,5,11,-17,24,41,20,18
Asia,Japan,J2 League,2019,Renofa Yamaguchi,42,same,NaN,47,42,13,8,21,-16,54,70,47,15,21,8,3,10,-2,32,34,27,17,21,5,5,11,-14,22,36,20,17
Asia,Japan,J2 League,2019,Avispa Fukuoka,42,same,NaN,44,42,12,8,22,-23,39,62,44,16,21,5,5,11,-10,18,28,20,20,21,7,3,11,-13,21,34,24,13
Asia,Japan,J2 League,2019,JEF United Ichihara Chiba,42,same,NaN,43,42,10,13,19,-18,46,64,43,17,21,6,5,10,-12,26,38,23,18,21,4,8,9,-6,20,26,20,16
Asia,Japan,J2 League,2019,Machida Zelvia,42,same,NaN,43,42,9,16,17,-23,36,59,43,18,21,3,11,7,-12,17,29,20,21,21,6,5,10,-11,19,30,23,14
Asia,Japan,J2 League,2019,Ehime FC,42,same,NaN,42,42,12,6,24,-16,46,62,42,19,21,8,3,10,1,24,23,27,16,21,4,3,14,-17,22,39,15,20
Asia,Japan,J2 League,2019,Tochigi SC,42,same,NaN,40,42,8,16,18,-20,33,53,40,20,21,4,9,8,-7,15,22,21,19,21,4,7,10,-13,18,31,19,19
Asia,Japan,J2 League,2019,Kagoshima United,42,Relegation,NaN,40,42,11,7,24,-32,41,73,40,21,21,9,2,10,-4,23,27,29,13,21,2,5,14,-28,18,46,11,22
Asia,Japan,J2 League,2019,FC Gifu,42,Relegation,NaN,30,42,7,9,26,-45,33,78,30,22,21,4,7,10,-19,19,38,19,22,21,3,2,16,-26,14,40,11,21
Asia,Japan,J2 League,2020,Avispa Fukuoka,28,Promotion,Promotion,56,28,17,5,6,13,33,20,56,1,13,7,2,4,4,15,11,23,6,15,10,3,2,9,18,9,33,1
Asia,Japan,J2 League,2020,Tokushima Vortis,28,Promotion,Promotion,55,28,16,7,5,23,44,21,55,2,14,6,5,3,11,20,9,23,5,14,10,2,2,12,24,12,32,2
Asia,Japan,J2 League,2020,V-Varen Nagasaki,28,same,NaN,50,28,14,8,6,10,40,30,50,3,12,8,2,2,8,17,9,26,2,16,6,6,4,2,23,21,24,3
Asia,Japan,J2 League,2020,Giravanz Kitakyushu,28,same,NaN,47,28,14,5,9,8,39,31,47,4,14,8,3,3,6,20,14,27,1,14,6,2,6,2,19,17,20,8
Asia,Japan,J2 League,2020,Niigata Albirex,28,same,NaN,44,28,11,11,6,10,42,32,44,5,15,5,6,4,2,21,19,21,11,13,6,5,2,8,21,13,23,4
Asia,Japan,J2 League,2020,Ventforet Kofu,28,same,NaN,42,28,10,12,6,4,36,32,42,6,14,7,5,2,5,19,14,26,4,14,3,7,4,-1,17,18,16,12
Asia,Japan,J2 League,2020,Kyoto Sanga FC,28,same,NaN,41,28,11,8,9,1,32,31,41,7,13,8,2,3,7,21,14,26,3,15,3,6,6,-6,11,17,15,15
Asia,Japan,J2 League,2020,Tokyo Verdy,28,same,NaN,40,28,10,10,8,8,33,25,40,8,14,5,5,4,5,16,11,20,12,14,5,5,4,3,17,14,20,7
Asia,Japan,J2 League,2020,Montedio Yamagata,28,same,NaN,39,28,10,9,9,7,35,28,39,9,14,6,3,5,4,20,16,21,10,14,4,6,4,3,15,12,18,10
Asia,Japan,J2 League,2020,Jubilo Iwata,28,same,NaN,38,28,9,11,8,5,35,30,38,10,14,6,4,4,8,23,15,22,7,14,3,7,4,-3,12,15,16,13
Asia,Japan,J2 League,2020,Tochigi SC,28,same,NaN,38,28,10,8,10,2,26,24,38,11,14,4,5,5,2,13,11,17,15,14,6,3,5,0,13,13,21,5
Asia,Japan,J2 League,2020,Zweigen Kanazawa,28,same,NaN,38,28,10,8,10,1,40,39,38,12,14,5,5,4,2,18,16,20,13,14,5,3,6,-1,22,23,18,11
Asia,Japan,J2 League,2020,Mito Hollyhock,28,same,NaN,36,28,9,9,10,5,47,42,36,13,15,4,5,6,-1,24,25,17,16,13,5,4,4,6,23,17,19,9
Asia,Japan,J2 League,2020,Machida Zelvia,28,same,NaN,36,28,8,12,8,-1,29,30,36,14,15,4,9,2,6,18,12,21,9,13,4,3,6,-7,11,18,15,16
Asia,Japan,J2 League,2020,Fagiano Okayama,28,same,NaN,36,28,9,9,10,-2,26,28,36,15,16,6,4,6,0,17,17,22,8,12,3,5,4,-2,9,11,14,18
Asia,Japan,J2 League,2020,JEF United Ichihara Chiba,28,same,NaN,35,28,10,5,13,-1,31,32,35,16,15,4,3,8,-5,16,21,15,18,13,6,2,5,4,15,11,20,6
Asia,Japan,J2 League,2020,Omiya Ardija,28,same,NaN,35,28,9,8,11,-7,27,34,35,17,13,5,5,3,1,13,12,20,14,15,4,3,8,-8,14,22,15,17
Asia,Japan,J2 League,2020,Thespakusatsu,28,same,NaN,29,28,9,2,17,-22,22,44,29,18,15,4,1,10,-16,10,26,13,21,13,5,1,7,-6,12,18,16,14
Asia,Japan,J2 League,2020,FC Ryukyu,28,same,NaN,27,28,7,6,15,-12,36,48,27,19,13,3,4,6,-1,19,20,13,20,15,4,2,9,-11,17,28,14,19
Asia,Japan,J2 League,2020,Matsumoto Yamaga FC,28,same,NaN,26,28,5,11,12,-16,27,43,26,20,13,3,5,5,-7,13,20,14,19,15,2,6,7,-9,14,23,12,21
Asia,Japan,J2 League,2020,Renofa Yamaguchi,28,same,NaN,26,28,7,5,16,-18,32,50,26,21,13,5,1,7,-4,16,20,16,17,15,2,4,9,-14,16,30,10,22
Asia,Japan,J2 League,2020,Ehime FC,28,same,NaN,22,28,5,7,16,-18,25,43,22,22,15,2,4,9,-12,12,24,10,22,13,3,3,7,-6,13,19,12,20
Asia,Republic of Korea,K League 1,2019,Ulsan Hyundai,33,Promotion,Championship round,69,33,20,9,4,32,64,32,69,1,16,12,3,1,17,28,11,39,1,17,8,6,3,15,36,21,30,2
Asia,Republic of Korea,K League 1,2019,Jeonbuk Hyundai,33,Promotion,Championship round,68,33,19,11,3,34,64,30,68,2,17,10,5,2,17,31,14,35,2,16,9,6,1,17,33,16,33,1
Asia,Republic of Korea,K League 1,2019,FC Seoul,33,Promotion,Championship round,54,33,15,9,9,9,50,41,54,3,17,8,6,3,8,28,20,30,4,16,7,3,6,1,22,21,24,4
Asia,Republic of Korea,K League 1,2019,Daegu FC,33,Promotion,Championship round,50,33,12,14,7,10,41,31,50,4,16,6,7,3,4,21,17,25,7,17,6,7,4,6,20,14,25,3
Asia,Republic of Korea,K League 1,2019,Pohang Steelers FC,33,Promotion,Championship round,48,33,14,6,13,-3,40,43,48,5,17,10,3,4,8,26,18,33,3,16,4,3,9,-11,14,25,15,9
Asia,Republic of Korea,K League 1,2019,Gangwon FC,33,Promotion,Championship round,46,33,13,7,13,1,48,47,46,6,17,8,3,6,4,29,25,27,5,16,5,4,7,-3,19,22,19,6
Asia,Republic of Korea,K League 1,2019,Sangju Sangmu Phoenix,33,Relegation,NaN,46,33,13,7,13,-6,42,48,46,7,16,8,3,5,3,23,20,27,6,17,5,4,8,-9,19,28,19,7
Asia,Republic of Korea,K League 1,2019,Suwon Samsung,33,Relegation,NaN,40,33,10,10,13,-3,38,41,40,8,17,4,6,7,-5,15,20,18,10,16,6,4,6,2,23,21,22,5
Asia,Republic of Korea,K League 1,2019,Seongnam Ilhwa,33,Relegation,NaN,38,33,10,8,15,-11,25,36,38,9,16,6,5,5,0,13,13,23,8,17,4,3,10,-11,12,23,15,10
Asia,Republic of Korea,K League 1,2019,Gyeongnam FC,33,Relegation,NaN,28,33,5,13,15,-17,38,55,28,10,16,4,7,5,-1,25,26,19,9,17,1,6,10,-16,13,29,9,12
Asia,Republic of Korea,K League 1,2019,Incheon United FC,33,Relegation,NaN,26,33,5,11,17,-22,29,51,26,11,17,1,7,9,-13,12,25,10,12,16,4,4,8,-9,17,26,16,8
Asia,Republic of Korea,K League 1,2019,Jeju United FC,33,Relegation,NaN,23,33,4,11,18,-24,37,61,23,12,16,3,3,10,-12,22,34,12,11,17,1,8,8,-12,15,27,11,11
Asia,Republic of Korea,K League 1,2020,Ulsan Hyundai,22,Promotion,Championship round,50,22,15,5,2,30,45,15,50,1,11,6,4,1,12,18,6,22,3,11,9,1,1,18,27,9,28,1
Asia,Republic of Korea,K League 1,2020,Jeonbuk Hyundai,22,Promotion,Championship round,48,22,15,3,4,19,38,19,48,2,11,9,1,1,12,19,7,28,1,11,6,2,3,7,19,12,20,3
Asia,Republic of Korea,K League 1,2020,Pohang Steelers FC,22,Promotion,Championship round,38,22,11,5,6,13,41,28,38,3,11,5,3,3,1,18,17,18,4,11,6,2,3,12,23,11,20,2
Asia,Republic of Korea,K League 1,2020,Sangju Sangmu Phoenix,22,Promotion,Championship round,38,22,11,5,6,2,29,27,38,4,11,8,1,2,6,16,10,25,2,11,3,4,4,-4,13,17,13,7
Asia,Republic of Korea,K League 1,2020,Daegu FC,22,Promotion,Championship round,31,22,8,7,7,5,36,31,31,5,11,5,2,4,6,24,18,17,5,11,3,5,3,-1,12,13,14,6
Asia,Republic of Korea,K League 1,2020,Gwangju FC,22,Promotion,Championship round,25,22,6,7,9,-4,28,32,25,6,11,2,4,5,-5,13,18,10,9,11,4,3,4,1,15,14,15,5
Asia,Republic of Korea,K League 1,2020,FC Seoul,22,Relegation,NaN,25,22,7,4,11,-18,19,37,25,7,11,5,2,4,-2,11,13,17,6,11,2,2,7,-16,8,24,8,12
Asia,Republic of Korea,K League 1,2020,Gangwon FC,22,Relegation,NaN,24,22,6,6,10,-9,27,36,24,8,11,3,3,5,-4,16,20,12,8,11,3,3,5,-5,11,16,12,9
Asia,Republic of Korea,K League 1,2020,Seongnam Ilhwa,22,Relegation,NaN,22,22,5,7,10,-7,19,26,22,9,11,1,3,7,-10,6,16,6,12,11,4,4,3,3,13,10,16,4
Asia,Republic of Korea,K League 1,2020,Suwon Samsung,22,Relegation,NaN,21,22,5,6,11,-6,20,26,21,10,11,2,3,6,-4,12,16,9,10,11,3,3,5,-2,8,10,12,8
Asia,Republic of Korea,K League 1,2020,Busan I Park,22,Relegation,NaN,21,22,4,9,9,-10,21,31,21,11,11,2,6,3,0,11,11,12,7,11,2,3,6,-10,10,20,9,11
Asia,Republic of Korea,K League 1,2020,Incheon United FC,22,Relegation,NaN,18,22,4,6,12,-15,15,30,18,12,11,2,3,6,-8,7,15,9,11,11,2,3,6,-7,8,15,9,10
Europe,Belgium,Jupiler League,2018,KRC Genk,30,Promotion,Playoffs,63,30,18,9,3,32,63,31,63,1,15,9,4,2,14,26,12,31,3,15,9,5,1,18,37,19,32,1
Europe,Belgium,Jupiler League,2018,Club Brugge,30,Promotion,Playoffs,56,30,16,8,6,32,64,32,56,2,15,10,2,3,22,36,14,32,2,15,6,6,3,10,28,18,24,3
Europe,Belgium,Jupiler League,2018,Standard Liege,30,Promotion,Playoffs,53,30,15,8,7,14,49,35,53,3,15,10,4,1,15,32,17,34,1,15,5,4,6,-1,17,18,19,7
Europe,Belgium,Jupiler League,2018,RSC Anderlecht,30,Promotion,Playoffs,51,30,15,6,9,15,49,34,51,4,15,8,6,1,15,27,12,30,4,15,7,0,8,0,22,22,21,5
Europe,Belgium,Jupiler League,2018,KAA Gent,30,Promotion,Playoffs,50,30,15,5,10,8,53,45,50,5,15,9,2,4,5,26,21,29,5,15,6,3,6,3,27,24,21,6
Europe,Belgium,Jupiler League,2018,Royal Antwerp FC,30,Promotion,Playoffs,49,30,14,7,9,5,39,34,49,6,15,6,4,5,2,22,20,22,9,15,8,3,4,3,17,14,27,2
Europe,Belgium,Jupiler League,2018,St. Truidense VV,30,Promotion,Next group phase,47,30,12,11,7,11,47,36,47,7,15,8,5,2,11,27,16,29,6,15,4,6,5,0,20,20,18,9
Europe,Belgium,Jupiler League,2018,KV Kortrijk,30,Promotion,Next group phase,43,30,12,7,11,2,44,42,43,8,15,6,3,6,-1,24,25,21,10,15,6,4,5,3,20,17,22,4
Europe,Belgium,Jupiler League,2018,Royal Charleroi SC,30,Promotion,Next group phase,42,30,12,6,12,0,43,43,42,9,15,7,3,5,4,22,18,24,8,15,5,3,7,-4,21,25,18,8
Europe,Belgium,Jupiler League,2018,Royal Excel Mouscron,30,Promotion,Next group phase,40,30,11,7,12,0,33,33,40,10,15,7,4,4,7,17,10,25,7,15,4,3,8,-7,16,23,15,10
Europe,Belgium,Jupiler League,2018,SV Zulte Waregem,30,Promotion,Next group phase,33,30,8,9,13,-11,49,60,33,11,15,5,5,5,2,29,27,20,12,15,3,4,8,-13,20,33,13,12
Europe,Belgium,Jupiler League,2018,KAS Eupen,30,Promotion,Next group phase,32,30,10,2,18,-23,34,57,32,12,15,6,0,9,-8,20,28,18,13,15,4,2,9,-15,14,29,14,11
Europe,Belgium,Jupiler League,2018,Cercle Brugge,30,Promotion,Next group phase,28,30,7,7,16,-24,35,59,28,13,15,6,3,6,-4,23,27,21,11,15,1,4,10,-20,12,32,7,15
Europe,Belgium,Jupiler League,2018,KV Oostende,30,Promotion,Next group phase,27,30,6,9,15,-23,29,52,27,14,15,4,4,7,-9,15,24,16,15,15,2,5,8,-14,14,28,11,14
Europe,Belgium,Jupiler League,2018,Waasland-Beveren,30,Promotion,Next group phase,27,30,5,12,13,-13,37,50,27,15,15,3,7,5,-5,17,22,16,16,15,2,5,8,-8,20,28,11,13
Europe,Belgium,Jupiler League,2018,Sporting Lokeren,30,Relegation,NaN,20,30,5,5,20,-25,28,53,20,16,15,5,3,7,-8,16,24,18,14,15,0,2,13,-17,12,29,2,16
Europe,Belgium,Jupiler League,2019,Club Brugge,29,Promotion,Champions League,70,29,21,7,1,44,58,14,70,1,15,12,3,0,28,33,5,39,1,14,9,4,1,16,25,9,31,1
Europe,Belgium,Jupiler League,2019,KAA Gent,29,Promotion,Champions League Qualification,55,29,16,7,6,25,59,34,55,2,15,11,3,1,24,38,14,36,2,14,5,4,5,1,21,20,19,4
Europe,Belgium,Jupiler League,2019,Royal Charleroi SC,29,Promotion,Europa League Qualification,54,29,15,9,5,26,49,23,54,3,14,10,2,2,17,26,9,32,4,15,5,7,3,9,23,14,22,3
Europe,Belgium,Jupiler League,2019,Royal Antwerp FC,29,Promotion,Europa League,53,29,15,8,6,17,49,32,53,4,14,10,4,0,16,28,12,34,3,15,5,4,6,1,21,20,19,4
Europe,Belgium,Jupiler League,2019,Standard Liege,29,Promotion,Europa League Qualification,49,29,14,7,8,15,47,32,49,5,15,9,4,2,15,24,9,31,5,14,5,3,6,0,23,23,18,7
Europe,Belgium,Jupiler League,2019,Yellow-Red KV Mechelen,29,same,NaN,44,29,13,5,11,3,46,43,44,6,15,6,4,5,1,25,24,22,10,14,7,1,6,2,21,19,22,2
Europe,Belgium,Jupiler League,2019,KRC Genk,29,same,NaN,44,29,13,5,11,3,45,42,44,7,14,8,1,5,3,21,18,25,7,15,5,4,6,0,24,24,19,6
Europe,Belgium,Jupiler League,2019,RSC Anderlecht,29,same,NaN,43,29,11,10,8,16,45,29,43,8,15,7,5,3,17,29,12,26,6,14,4,5,5,-1,16,17,17,8
Europe,Belgium,Jupiler League,2019,SV Zulte Waregem,29,same,NaN,36,29,10,6,13,-8,41,49,36,9,14,7,2,5,13,30,17,23,8,15,3,4,8,-21,11,32,13,13
Europe,Belgium,Jupiler League,2019,Royal Excel Mouscron,29,same,NaN,36,29,9,9,11,-2,38,40,36,10,15,6,5,4,5,22,17,23,9,14,3,4,7,-7,16,23,13,12
Europe,Belgium,Jupiler League,2019,KV Kortrijk,29,same,NaN,33,29,9,6,14,-4,40,44,33,11,15,5,3,7,2,24,22,18,11,14,4,3,7,-6,16,22,15,10
Europe,Belgium,Jupiler League,2019,St. Truidense VV,29,same,NaN,33,29,9,6,14,-17,33,50,33,12,14,4,5,5,-1,17,18,17,13,15,5,1,9,-16,16,32,16,9
Europe,Belgium,Jupiler League,2019,KAS Eupen,29,same,NaN,30,29,8,6,15,-23,28,51,30,13,14,4,4,6,-5,14,19,16,15,15,4,2,9,-18,14,32,14,11
Europe,Belgium,Jupiler League,2019,Cercle Brugge,29,same,NaN,23,29,7,2,20,-27,27,54,23,14,14,5,1,8,-7,16,23,16,14,15,2,1,12,-20,11,31,7,15
Europe,Belgium,Jupiler League,2019,KV Oostende,29,same,NaN,22,29,6,4,19,-29,29,58,22,15,15,5,3,7,-7,20,27,18,12,14,1,1,12,-22,9,31,4,16
Europe,Belgium,Jupiler League,2019,Waasland-Beveren,29,same,NaN,20,29,5,5,19,-39,21,60,20,16,14,3,2,9,-18,12,30,11,16,15,2,3,10,-21,9,30,9,14
Europe,Belgium,Jupiler League,2020,Club Brugge,9,Promotion,Championship round,19,9,6,1,2,16,22,6,19,1,5,3,0,2,5,9,4,9,3,4,3,1,0,11,13,2,10,1
Europe,Belgium,Jupiler League,2020,Royal Charleroi SC,9,Promotion,Championship round,19,9,6,1,2,8,15,7,19,2,4,3,0,1,4,7,3,9,5,5,3,1,1,4,8,4,10,2
Europe,Belgium,Jupiler League,2020,Standard Liege,9,Promotion,Championship round,18,9,5,3,1,6,13,7,18,3,5,2,3,0,2,6,4,9,6,4,3,0,1,4,7,3,9,4
Europe,Belgium,Jupiler League,2020,KFCO Beerschot-Wilrijk,9,Promotion,Championship round,18,9,6,0,3,2,22,20,18,4,5,4,0,1,6,17,11,12,1,4,2,0,2,-4,5,9,6,9
Europe,Belgium,Jupiler League,2020,Royal Antwerp FC,9,Promotion,Qualifying round,17,9,5,2,2,6,18,12,17,5,4,2,2,0,4,8,4,8,7,5,3,0,2,2,10,8,9,5
Europe,Belgium,Jupiler League,2020,Cercle Brugge,9,Promotion,Qualifying round,15,9,5,0,4,4,16,12,15,6,4,3,0,1,6,10,4,9,2,5,2,0,3,-2,6,8,6,8
Europe,Belgium,Jupiler League,2020,Oud-Heverlee,9,Promotion,Qualifying round,15,9,4,3,2,1,15,14,15,7,4,2,1,1,0,5,5,7,10,5,2,2,1,1,10,9,8,6
Europe,Belgium,Jupiler League,2020,RSC Anderlecht,9,Promotion,Qualifying round,14,9,3,5,1,3,17,14,14,8,5,2,3,0,4,9,5,9,4,4,1,2,1,-1,8,9,5,11
Europe,Belgium,Jupiler League,2020,KV Kortrijk,9,same,NaN,14,9,4,2,3,1,11,10,14,9,4,1,1,2,-1,5,6,4,14,5,3,1,1,2,6,4,10,3
Europe,Belgium,Jupiler League,2020,KRC Genk,9,same,NaN,13,9,3,4,2,0,14,14,13,10,5,2,2,1,2,9,7,8,8,4,1,2,1,-2,5,7,5,12
Europe,Belgium,Jupiler League,2020,KV Oostende,8,same,NaN,12,8,3,3,2,4,12,8,12,11,4,2,1,1,4,9,5,7,9,4,1,2,1,0,3,3,5,10
Europe,Belgium,Jupiler League,2020,KAS Eupen,9,same,NaN,11,9,2,5,2,-2,10,12,11,12,4,1,1,2,-4,4,8,4,15,5,1,4,0,2,6,4,7,7
Europe,Belgium,Jupiler League,2020,KAA Gent,9,same,NaN,9,9,3,0,6,-2,14,16,9,13,4,2,0,2,3,9,6,6,11,5,1,0,4,-5,5,10,3,15
Europe,Belgium,Jupiler League,2020,Yellow-Red KV Mechelen,9,same,NaN,7,9,2,1,6,-6,10,16,7,14,5,1,1,3,-1,7,8,4,13,4,1,0,3,-5,3,8,3,16
Europe,Belgium,Jupiler League,2020,SV Zulte Waregem,9,same,NaN,7,9,2,1,6,-10,11,21,7,15,5,1,0,4,-8,6,14,3,16,4,1,1,2,-2,5,7,4,13
Europe,Belgium,Jupiler League,2020,St. Truidense VV,9,same,NaN,6,9,1,3,5,-10,9,19,6,16,4,1,2,1,0,4,4,5,12,5,0,1,4,-10,5,15,1,18
Europe,Belgium,Jupiler League,2020,Waasland-Beveren,8,Promotion,Relegation Playoff,4,8,1,1,6,-10,12,22,4,17,4,0,1,3,-5,5,10,1,17,4,1,0,3,-5,7,12,3,14
Europe,Belgium,Jupiler League,2020,Royal Excel Mouscron,9,Relegation,NaN,3,9,0,3,6,-11,3,14,3,18,5,0,1,4,-5,1,6,1,18,4,0,2,2,-6,2,8,2,17
Europe,England,England Premier League,2018,Manchester City,38,Promotion,Champions League,98,38,32,2,4,72,95,23,98,1,19,18,0,1,45,57,12,54,1,19,14,2,3,27,38,11,44,1
Europe,England,England Premier League,2018,Liverpool FC,38,Promotion,Champions League,97,38,30,7,1,67,89,22,97,2,19,17,2,0,45,55,10,53,2,19,13,5,1,22,34,12,44,2
Europe,England,England Premier League,2018,Chelsea FC,38,Promotion,Champions League,72,38,21,9,8,24,63,39,72,3,19,12,6,1,27,39,12,42,4,19,9,3,7,-3,24,27,30,5
Europe,England,England Premier League,2018,Tottenham Hotspur,38,Promotion,Champions League,71,38,23,2,13,28,67,39,71,4,19,12,2,5,18,34,16,38,5,19,11,0,8,10,33,23,33,3
Europe,England,England Premier League,2018,Arsenal FC,38,Promotion,Europa League,70,38,21,7,10,22,73,51,70,5,19,14,3,2,26,42,16,45,3,19,7,4,8,-4,31,35,25,8
Europe,England,England Premier League,2018,Manchester United,38,Promotion,Europa League,66,38,19,9,10,11,65,54,66,6,19,10,6,3,8,33,25,36,6,19,9,3,7,3,32,29,30,4
Europe,England,England Premier League,2018,Wolverhampton Wanderers,38,Promotion,Europa League Qualification,57,38,16,9,13,1,47,46,57,7,19,10,4,5,7,28,21,34,8,19,6,5,8,-6,19,25,23,10
Europe,England,England Premier League,2018,Everton FC,38,same,NaN,54,38,15,9,14,8,54,46,54,8,19,10,4,5,9,30,21,34,7,19,5,5,9,-1,24,25,20,12
Europe,England,England Premier League,2018,Leicester City,38,same,NaN,52,38,15,7,16,3,51,48,52,9,19,8,3,8,4,24,20,27,11,19,7,4,8,-1,27,28,25,7
Europe,England,England Premier League,2018,West Ham United,38,same,NaN,52,38,15,7,16,-3,52,55,52,10,19,9,4,6,5,32,27,31,9,19,6,3,10,-8,20,28,21,11
Europe,England,England Premier League,2018,Watford FC,38,same,NaN,50,38,14,8,16,-7,52,59,50,11,19,8,3,8,-2,26,28,27,12,19,6,5,8,-5,26,31,23,9
Europe,England,England Premier League,2018,Crystal Palace,38,same,NaN,49,38,14,7,17,-2,51,53,49,12,19,5,5,9,-4,19,23,20,18,19,9,2,8,2,32,30,29,6
Europe,England,England Premier League,2018,Newcastle United,38,same,NaN,45,38,12,9,17,-6,42,48,45,13,19,8,1,10,-1,24,25,25,13,19,4,8,7,-5,18,23,20,13
Europe,England,England Premier League,2018,AFC Bournemouth,38,same,NaN,45,38,13,6,19,-14,56,70,45,14,19,8,5,6,5,30,25,29,10,19,5,1,13,-19,26,45,16,16
Europe,England,England Premier League,2018,Burnley FC,38,same,NaN,40,38,11,7,20,-23,45,68,40,15,19,7,2,10,-8,24,32,23,15,19,4,5,10,-15,21,36,17,14
Europe,England,England Premier League,2018,Southampton FC,38,same,NaN,39,38,9,12,17,-20,45,65,39,16,19,5,8,6,-3,27,30,23,14,19,4,4,11,-17,18,35,16,15
Europe,England,England Premier League,2018,Brighton & Hove Albion,38,same,NaN,36,38,9,9,20,-25,35,60,36,17,19,6,5,8,-9,19,28,23,16,19,3,4,12,-16,16,32,13,18
Europe,England,England Premier League,2018,Cardiff City,38,Relegation,NaN,34,38,10,4,24,-35,34,69,34,18,19,6,2,11,-17,21,38,20,19,19,4,2,13,-18,13,31,14,17
Europe,England,England Premier League,2018,Fulham FC,38,Relegation,NaN,26,38,7,5,26,-47,34,81,26,19,19,6,3,10,-14,22,36,21,17,19,1,2,16,-33,12,45,5,20
Europe,England,England Premier League,2018,Huddersfield Town,38,Relegation,NaN,16,38,3,7,28,-54,22,76,16,20,19,2,3,14,-21,10,31,9,20,19,1,4,14,-33,12,45,7,19
Europe,England,England Premier League,2019,Liverpool FC,38,Promotion,Champions League,99,38,32,3,3,52,85,33,99,1,19,18,1,0,36,52,16,55,1,19,14,2,3,16,33,17,44,1
Europe,England,England Premier League,2019,Manchester City,38,Promotion,Champions League,81,38,26,3,9,67,102,35,81,2,19,15,2,2,44,57,13,47,2,19,11,1,7,23,45,22,34,2
Europe,England,England Premier League,2019,Manchester United,38,Promotion,Champions League,66,38,18,12,8,30,66,36,66,3,19,10,7,2,23,40,17,37,4,19,8,5,6,7,26,19,29,5
Europe,England,England Premier League,2019,Chelsea FC,38,Promotion,Champions League,66,38,20,6,12,15,69,54,66,4,19,11,3,5,14,30,16,36,6,19,9,3,7,1,39,38,30,4
Europe,England,England Premier League,2019,Leicester City,38,Promotion,Europa League,62,38,18,8,12,26,67,41,62,5,19,11,4,4,18,35,17,37,5,19,7,4,8,8,32,24,25,8
Europe,England,England Premier League,2019,Tottenham Hotspur,38,Promotion,Europa League Qualification,59,38,16,11,11,14,61,47,59,6,19,12,3,4,19,36,17,39,3,19,4,8,7,-5,25,30,20,11
Europe,England,England Premier League,2019,Wolverhampton Wanderers,38,same,NaN,59,38,15,14,9,11,51,40,59,7,19,8,7,4,8,27,19,31,9,19,7,7,5,3,24,21,28,6
Europe,England,England Premier League,2019,Arsenal FC,38,Promotion,Europa League Qualification,56,38,14,14,10,8,56,48,56,8,19,10,6,3,12,36,24,36,7,19,4,8,7,-4,20,24,20,10
Europe,England,England Premier League,2019,Sheffield United,38,same,NaN,54,38,14,12,12,0,39,39,54,9,19,10,3,6,9,24,15,33,8,19,4,9,6,-9,15,24,21,9
Europe,England,England Premier League,2019,Burnley FC,38,same,NaN,54,38,15,9,14,-7,43,50,54,10,19,8,4,7,1,24,23,28,11,19,7,5,7,-8,19,27,26,7
Europe,England,England Premier League,2019,Southampton FC,38,same,NaN,52,38,15,7,16,-9,51,60,52,11,19,6,3,10,-14,21,35,21,19,19,9,4,6,5,30,25,31,3
Europe,England,England Premier League,2019,Everton FC,38,same,NaN,49,38,13,10,15,-12,44,56,49,12,19,8,7,4,3,24,21,31,10,19,5,3,11,-15,20,35,18,14
Europe,England,England Premier League,2019,Newcastle United,38,same,NaN,44,38,11,11,16,-20,38,58,44,13,19,6,8,5,-1,20,21,26,12,19,5,3,11,-19,18,37,18,15
Europe,England,England Premier League,2019,Crystal Palace,38,same,NaN,43,38,11,10,17,-19,31,50,43,14,19,6,5,8,-5,15,20,23,15,19,5,5,9,-14,16,30,20,12
Europe,England,England Premier League,2019,Brighton & Hove Albion,38,same,NaN,41,38,9,14,15,-15,39,54,41,15,19,5,7,7,-7,20,27,22,17,19,4,7,8,-8,19,27,19,13
Europe,England,England Premier League,2019,West Ham United,38,same,NaN,39,38,10,9,19,-13,49,62,39,16,19,6,4,9,-3,30,33,22,16,19,4,5,10,-10,19,29,17,16
Europe,England,England Premier League,2019,Aston Villa,38,same,NaN,35,38,9,8,21,-26,41,67,35,17,19,7,3,9,-8,22,30,24,14,19,2,5,12,-18,19,37,11,18
Europe,England,England Premier League,2019,AFC Bournemouth,38,Relegation,NaN,34,38,9,7,22,-25,40,65,34,18,19,5,6,8,-8,22,30,21,18,19,4,1,14,-17,18,35,13,17
Europe,England,England Premier League,2019,Watford FC,38,Relegation,NaN,34,38,8,10,20,-28,36,64,34,19,19,6,6,7,-5,22,27,24,13,19,2,4,13,-23,14,37,10,19
Europe,England,England Premier League,2019,Norwich City,38,Relegation,NaN,21,38,5,6,27,-49,26,75,21,20,19,4,3,12,-18,19,37,15,20,19,1,3,15,-31,7,38,6,20
Europe,England,England Premier League,2020,Everton FC,5,Promotion,Champions League,13,5,4,1,0,7,14,7,13,1,3,2,1,0,5,11,6,7,1,2,2,0,0,2,3,1,6,5
Europe,England,England Premier League,2020,Aston Villa,4,Promotion,Champions League,12,4,4,0,0,10,12,2,12,2,2,2,0,0,6,8,2,6,2,2,2,0,0,4,4,0,6,4
Europe,England,England Premier League,2020,Liverpool FC,5,Promotion,Champions League,10,5,3,1,1,0,13,13,10,3,2,2,0,0,3,7,4,6,3,3,1,1,1,-3,6,9,4,13
Europe,England,England Premier League,2020,Leicester City,5,Promotion,Champions League,9,5,3,0,2,4,12,8,9,4,3,1,0,2,-2,4,6,3,11,2,2,0,0,6,8,2,6,2
Europe,England,England Premier League,2020,Arsenal FC,5,Promotion,Europa League,9,5,3,0,2,2,8,6,9,5,2,2,0,0,2,4,2,6,4,3,1,0,2,0,4,4,3,14
Europe,England,England Premier League,2020,Wolverhampton Wanderers,5,same,NaN,9,5,3,0,2,-2,5,7,9,6,2,1,0,1,-1,2,3,3,10,3,2,0,1,-1,3,4,6,6
Europe,England,England Premier League,2020,Tottenham Hotspur,5,same,NaN,8,5,2,2,1,7,15,8,8,7,3,0,2,1,-1,4,5,2,14,2,2,0,0,8,11,3,6,1
Europe,England,England Premier League,2020,Chelsea FC,5,same,NaN,8,5,2,2,1,4,13,9,8,8,3,1,1,1,2,7,5,4,5,2,1,1,0,2,6,4,4,8
Europe,England,England Premier League,2020,West Ham United,5,same,NaN,7,5,2,1,2,4,11,7,7,9,2,1,0,1,2,4,2,3,8,3,1,1,1,2,7,5,4,7
Europe,England,England Premier League,2020,Leeds United,5,same,NaN,7,5,2,1,2,0,9,9,7,10,3,1,1,1,0,5,5,4,6,2,1,0,1,0,4,4,3,14
Europe,England,England Premier League,2020,Manchester City,4,same,NaN,7,4,2,1,1,0,7,7,7,11,2,1,0,1,-2,3,5,3,12,2,1,1,0,2,4,2,4,9
Europe,England,England Premier League,2020,Southampton FC,5,same,NaN,7,5,2,1,2,-1,8,9,7,12,2,1,0,1,-1,4,5,3,9,3,1,1,1,0,4,4,4,12
Europe,England,England Premier League,2020,Newcastle United,5,same,NaN,7,5,2,1,2,-2,7,9,7,13,3,1,0,2,-4,4,8,3,13,2,1,1,0,2,3,1,4,10
Europe,England,England Premier League,2020,Crystal Palace,5,same,NaN,7,5,2,1,2,-2,6,8,7,14,3,1,1,1,0,3,3,4,7,2,1,0,1,-2,3,5,3,16
Europe,England,England Premier League,2020,Manchester United,4,same,NaN,6,4,2,0,2,-3,9,12,6,15,2,0,0,2,-7,2,9,0,20,2,2,0,0,4,7,3,6,3
Europe,England,England Premier League,2020,Brighton & Hove Albion,5,same,NaN,4,5,1,1,3,-2,9,11,4,16,2,0,0,2,-3,3,6,0,18,3,1,1,1,1,6,5,4,11
Europe,England,England Premier League,2020,West Bromwich Albion,5,same,NaN,2,5,0,2,3,-8,5,13,2,17,3,0,2,1,-3,3,6,2,15,2,0,0,2,-5,2,7,0,20
Europe,England,England Premier League,2020,Burnley FC,4,Relegation,NaN,1,4,0,1,3,-5,3,8,1,18,1,0,0,1,-1,0,1,0,17,3,0,1,2,-4,3,7,1,18
Europe,England,England Premier League,2020,Sheffield United,5,Relegation,NaN,1,5,0,1,4,-5,2,7,1,19,3,0,1,2,-3,1,4,1,16,2,0,0,2,-2,1,3,0,19
Europe,England,England Premier League,2020,Fulham FC,5,Relegation,NaN,1,5,0,1,4,-8,4,12,1,20,2,0,0,2,-6,0,6,0,19,3,0,1,2,-2,4,6,1,17
Europe,England,Championship,2018,Norwich City,46,Promotion,Promotion,94,46,27,13,6,36,93,57,94,1,23,15,4,4,17,51,34,49,2,23,12,9,2,19,42,23,45,1
Europe,England,Championship,2018,Sheffield United,46,Promotion,Promotion,89,46,26,11,9,37,78,41,89,2,23,15,4,4,25,42,17,49,1,23,11,7,5,12,36,24,40,2
Europe,England,Championship,2018,Leeds United,46,Promotion,Promotion Playoffs,83,46,25,8,13,23,73,50,83,3,23,14,4,5,17,38,21,46,5,23,11,4,8,6,35,29,37,4
Europe,England,Championship,2018,West Bromwich Albion,46,Promotion,Promotion Playoffs,80,46,23,11,12,25,87,62,80,4,23,12,7,4,22,53,31,43,6,23,11,4,8,3,34,31,37,5
Europe,England,Championship,2018,Aston Villa,46,Promotion,Promotion Playoffs,76,46,20,16,10,21,82,61,76,5,23,11,8,4,14,50,36,41,9,23,9,8,6,7,32,25,35,7
Europe,England,Championship,2018,Derby County,46,Promotion,Promotion Playoffs,74,46,20,14,12,15,69,54,74,6,23,13,7,3,20,40,20,46,4,23,7,7,9,-5,29,34,28,9
Europe,England,Championship,2018,Middlesbrough FC,46,same,NaN,73,46,20,13,13,8,49,41,73,7,23,10,6,7,6,23,17,36,14,23,10,7,6,2,26,24,37,6
Europe,England,Championship,2018,Bristol City,46,same,NaN,70,46,19,13,14,6,59,53,70,8,23,8,8,7,2,28,26,32,18,23,11,5,7,4,31,27,38,3
Europe,England,Championship,2018,Nottingham Forest,46,same,NaN,66,46,17,15,14,7,61,54,66,9,23,13,4,6,13,34,21,43,7,23,4,11,8,-6,27,33,23,12
Europe,England,Championship,2018,Swansea City,46,same,NaN,65,46,18,11,17,3,65,62,65,10,23,12,6,5,14,42,28,42,8,23,6,5,12,-11,23,34,23,13
Europe,England,Championship,2018,Brentford FC,46,same,NaN,64,46,17,13,16,14,73,59,64,11,23,14,4,5,27,50,23,46,3,23,3,9,11,-13,23,36,18,18
Europe,England,Championship,2018,Sheffield Wednesday,46,same,NaN,64,46,16,16,14,-2,60,62,64,12,23,10,8,5,7,34,27,38,12,23,6,8,9,-9,26,35,26,11
Europe,England,Championship,2018,Hull City,46,same,NaN,62,46,17,11,18,-2,66,68,62,13,23,11,6,6,13,37,24,39,11,23,6,5,12,-15,29,44,23,14
Europe,England,Championship,2018,Preston North End,46,same,NaN,61,46,16,13,17,0,67,67,61,14,23,8,10,5,11,41,30,34,15,23,8,3,12,-11,26,37,27,10
Europe,England,Championship,2018,Blackburn Rovers,46,same,NaN,60,46,16,12,18,-5,64,69,60,15,23,10,7,6,11,32,21,37,13,23,6,5,12,-16,32,48,23,15
Europe,England,Championship,2018,Stoke City,46,same,NaN,55,46,11,22,13,-7,45,52,55,16,23,8,9,6,2,26,24,33,16,23,3,13,7,-9,19,28,22,16
Europe,England,Championship,2018,Birmingham City,46,same,NaN,52,46,14,19,13,6,64,58,52,17,23,7,11,5,7,31,24,32,17,23,7,8,8,-1,33,34,29,8
Europe,England,Championship,2018,Wigan Athletic,46,same,NaN,52,46,13,13,20,-13,51,64,52,18,23,11,8,4,9,29,20,41,10,23,2,5,16,-22,22,44,11,22
Europe,England,Championship,2018,Queens Park Rangers,46,same,NaN,51,46,14,9,23,-18,53,71,51,19,23,9,3,11,2,33,31,30,19,23,5,6,12,-20,20,40,21,17
Europe,England,Championship,2018,Reading FC,46,same,NaN,47,46,10,17,19,-17,49,66,47,20,23,8,6,9,-2,29,31,30,21,23,2,11,10,-15,20,35,17,19
Europe,England,Championship,2018,Millwall FC,46,same,NaN,44,46,10,14,22,-16,48,64,44,21,23,7,9,7,-1,26,27,30,20,23,3,5,15,-15,22,37,14,21
Europe,England,Championship,2018,Rotherham United,46,Relegation,NaN,40,46,8,16,22,-31,52,83,40,22,23,7,8,8,-6,32,38,29,22,23,1,8,14,-25,20,45,11,23
Europe,England,Championship,2018,Bolton Wanderers,46,Relegation,NaN,32,46,8,8,30,-49,29,78,32,23,23,4,4,15,-22,13,35,16,24,23,4,4,15,-27,16,43,16,20
Europe,England,Championship,2018,Ipswich Town,46,Relegation,NaN,31,46,5,16,25,-41,36,77,31,24,23,3,11,9,-9,22,31,20,23,23,2,5,16,-32,14,46,11,24
Europe,England,Championship,2019,Leeds United,46,Promotion,Promotion,93,46,28,9,9,42,77,35,93,1,23,15,5,3,26,40,14,50,1,23,13,4,6,16,37,21,43,1
Europe,England,Championship,2019,West Bromwich Albion,46,Promotion,Promotion,83,46,22,17,7,32,77,45,83,2,23,10,10,3,17,44,27,40,6,23,12,7,4,15,33,18,43,2
Europe,England,Championship,2019,Brentford FC,46,Promotion,Promotion Playoffs,81,46,24,9,13,42,80,38,81,3,23,14,5,4,26,44,18,47,2,23,10,4,9,16,36,20,34,5
Europe,England,Championship,2019,Fulham FC,46,Promotion,Promotion Playoffs,81,46,23,12,11,16,64,48,81,4,23,15,2,6,14,40,26,47,3,23,8,10,5,2,24,22,34,6
Europe,England,Championship,2019,Cardiff City,46,Promotion,Promotion Playoffs,73,46,19,16,11,10,68,58,73,5,23,11,9,3,14,35,21,42,4,23,8,7,8,-4,33,37,31,9
Europe,England,Championship,2019,Swansea City,46,Promotion,Promotion Playoffs,70,46,18,16,12,9,62,53,70,6,23,10,5,8,4,27,23,35,12,23,8,11,4,5,35,30,35,4
Europe,England,Championship,2019,Nottingham Forest,46,same,NaN,70,46,18,16,12,8,58,50,70,7,23,10,5,8,0,27,27,35,13,23,8,11,4,8,31,23,35,3
Europe,England,Championship,2019,Millwall FC,46,same,NaN,68,46,17,17,12,6,57,51,68,8,23,10,8,5,8,33,25,38,9,23,7,9,7,-2,24,26,30,10
Europe,England,Championship,2019,Preston North End,46,same,NaN,66,46,18,12,16,5,59,54,66,9,23,12,4,7,10,39,29,40,7,23,6,8,9,-5,20,25,26,13
Europe,England,Championship,2019,Derby County,46,same,NaN,64,46,17,13,16,-2,62,64,64,10,23,11,8,4,12,33,21,41,5,23,6,5,12,-14,29,43,23,17
Europe,England,Championship,2019,Blackburn Rovers,46,same,NaN,63,46,17,12,17,3,66,63,63,11,23,10,9,4,9,33,24,39,8,23,7,3,13,-6,33,39,24,16
Europe,England,Championship,2019,Bristol City,46,same,NaN,63,46,17,12,17,-5,60,65,63,12,23,8,7,8,-3,30,33,31,15,23,9,5,9,-2,30,32,32,7
Europe,England,Championship,2019,Queens Park Rangers,46,same,NaN,58,46,16,10,20,-9,67,76,58,13,23,9,5,9,0,42,42,32,14,23,7,5,11,-9,25,34,26,14
Europe,England,Championship,2019,Reading FC,46,same,NaN,56,46,15,11,20,1,59,58,56,14,23,7,4,12,-8,26,34,25,22,23,8,7,8,9,33,24,31,8
Europe,England,Championship,2019,Stoke City,46,same,NaN,56,46,16,8,22,-6,62,68,56,15,23,11,3,9,10,36,26,36,11,23,5,5,13,-16,26,42,20,21
Europe,England,Championship,2019,Sheffield Wednesday,46,same,NaN,56,46,15,11,20,-8,58,66,56,16,23,7,7,9,-11,19,30,28,20,23,8,4,11,3,39,36,28,11
Europe,England,Championship,2019,Middlesbrough FC,46,same,NaN,53,46,13,14,19,-13,48,61,53,17,23,6,8,9,-9,20,29,26,21,23,7,6,10,-4,28,32,27,12
Europe,England,Championship,2019,Huddersfield Town,46,same,NaN,51,46,13,12,21,-18,52,70,51,18,23,8,6,9,-4,26,30,30,19,23,5,6,12,-14,26,40,21,19
Europe,England,Championship,2019,Luton Town,46,same,NaN,51,46,14,9,23,-28,54,82,51,19,23,8,7,8,-4,33,37,31,16,23,6,2,15,-24,21,45,20,22
Europe,England,Championship,2019,Birmingham City,46,same,NaN,50,46,12,14,20,-21,54,75,50,20,23,6,7,10,-9,33,42,25,23,23,6,7,10,-12,21,33,25,15
Europe,England,Championship,2019,Barnsley,46,same,NaN,49,46,12,13,21,-20,49,69,49,21,23,7,9,7,-4,29,33,30,18,23,5,4,14,-16,20,36,19,23
Europe,England,Championship,2019,Charlton Athletic,46,Relegation,NaN,48,46,12,12,22,-15,50,65,48,22,23,8,6,9,1,28,27,30,17,23,4,6,13,-16,22,38,18,24
Europe,England,Championship,2019,Wigan Athletic,46,Relegation,NaN,47,46,15,14,17,1,57,56,47,23,23,10,7,6,10,33,23,37,10,23,5,7,11,-9,24,33,22,18
Europe,England,Championship,2019,Hull City,46,Relegation,NaN,45,46,12,9,25,-30,57,87,45,24,23,7,3,13,-8,29,37,24,24,23,5,6,12,-22,28,50,21,20
Europe,England,Championship,2020,Reading FC,6,Promotion,Promotion,16,6,5,1,0,7,8,1,16,1,3,3,0,0,4,4,0,9,2,3,2,1,0,3,4,1,7,3
Europe,England,Championship,2020,Bristol City,6,Promotion,Promotion,13,6,4,1,1,5,10,5,13,2,3,2,0,1,2,4,2,6,5,3,2,1,0,3,6,3,7,2
Europe,England,Championship,2020,Watford FC,6,Promotion,Promotion Playoffs,13,6,4,1,1,4,6,2,13,3,3,3,0,0,4,5,1,9,1,3,1,1,1,0,1,1,4,14
Europe,England,Championship,2020,AFC Bournemouth,6,Promotion,Promotion Playoffs,12,6,3,3,0,4,9,5,12,4,3,2,1,0,2,4,2,7,3,3,1,2,0,2,5,3,5,10
Europe,England,Championship,2020,Millwall FC,6,Promotion,Promotion Playoffs,11,6,3,2,1,3,7,4,11,5,3,1,2,0,2,3,1,5,8,3,2,0,1,1,4,3,6,7
Europe,England,Championship,2020,Swansea City,6,Promotion,Promotion Playoffs,11,6,3,2,1,3,7,4,11,5,3,1,1,1,0,3,3,4,11,3,2,1,0,3,4,1,7,3
Europe,England,Championship,2020,Brentford FC,6,same,NaN,10,6,3,1,2,3,10,7,10,7,3,2,0,1,3,7,4,6,4,3,1,1,1,0,3,3,4,12
Europe,England,Championship,2020,Norwich City,6,same,NaN,10,6,3,1,2,1,6,5,10,8,3,1,1,1,0,3,3,4,11,3,2,0,1,1,3,2,6,8
Europe,England,Championship,2020,Huddersfield Town,6,same,NaN,10,6,3,1,2,-1,5,6,10,9,3,2,0,1,1,2,1,6,7,3,1,1,1,-2,3,5,4,15
Europe,England,Championship,2020,Stoke City,6,same,NaN,9,6,2,3,1,1,6,5,9,10,3,0,2,1,-2,3,5,2,18,3,2,1,0,3,3,0,7,5
Europe,England,Championship,2020,Middlesbrough FC,6,same,NaN,9,6,2,3,1,1,5,4,9,11,3,1,2,0,1,3,2,5,9,3,1,1,1,0,2,2,4,13
Europe,England,Championship,2020,Luton Town,6,same,NaN,9,6,3,0,3,-1,5,6,9,12,3,2,0,1,1,4,3,6,6,3,1,0,2,-2,1,3,3,18
Europe,England,Championship,2020,Cardiff City,6,same,NaN,8,6,2,2,2,0,5,5,8,13,3,0,1,2,-3,2,5,1,20,3,2,1,0,3,3,0,7,5
Europe,England,Championship,2020,Blackburn Rovers,6,same,NaN,7,6,2,1,3,5,12,7,7,14,3,1,1,1,4,5,1,4,10,3,1,0,2,1,7,6,3,16
Europe,England,Championship,2020,Preston North End,6,same,NaN,7,6,2,1,3,1,8,7,7,15,3,0,0,3,-3,0,3,0,22,3,2,1,0,4,8,4,7,1
Europe,England,Championship,2020,Queens Park Rangers,6,same,NaN,6,6,1,3,2,-1,6,7,6,16,3,1,1,1,0,3,3,4,11,3,0,2,1,-1,3,4,2,20
Europe,England,Championship,2020,Rotherham United,6,same,NaN,6,6,1,3,2,-1,5,6,6,17,3,0,1,2,-2,2,4,1,19,3,1,2,0,1,3,2,5,11
Europe,England,Championship,2020,Birmingham City,6,same,NaN,6,6,1,3,2,-1,3,4,6,18,3,1,1,1,0,2,2,4,14,3,0,2,1,-1,1,2,2,21
Europe,England,Championship,2020,Coventry City,6,same,NaN,5,6,1,2,3,-4,6,10,5,19,3,1,1,1,-1,5,6,4,15,3,0,1,2,-3,1,4,1,23
Europe,England,Championship,2020,Nottingham Forest,6,same,NaN,4,6,1,1,4,-5,3,8,4,20,3,0,1,2,-3,2,5,1,20,3,1,0,2,-2,1,3,3,18
Europe,England,Championship,2020,Barnsley,6,same,NaN,3,6,0,3,3,-4,5,9,3,21,3,0,2,1,-1,2,3,2,16,3,0,1,2,-3,3,6,1,22
Europe,England,Championship,2020,Derby County,6,Relegation,NaN,3,6,1,0,5,-8,2,10,3,22,3,0,0,3,-7,0,7,0,24,3,1,0,2,-1,2,3,3,17
Europe,England,Championship,2020,Wycombe Wanderers,6,Relegation,NaN,0,6,0,0,6,-12,1,13,0,23,3,0,0,3,-4,1,5,0,23,3,0,0,3,-8,0,8,0,24
Europe,England,Championship,2020,Sheffield Wednesday,6,Relegation,NaN,-4,6,2,2,2,0,5,5,-4,24,3,0,2,1,-1,2,3,2,16,3,2,0,1,1,3,2,6,8
Europe,England,League One,2018,Luton Town,46,Promotion,Promotion,94,46,27,13,6,48,90,42,94,1,23,16,7,0,38,57,19,55,1,23,11,6,6,10,33,23,39,3
Europe,England,League One,2018,Barnsley,46,Promotion,Promotion,91,46,26,13,7,41,80,39,91,2,23,15,8,0,24,40,16,53,3,23,11,5,7,17,40,23,38,4
Europe,England,League One,2018,Charlton Athletic,46,Promotion,Promotion Playoffs,88,46,26,10,10,33,73,40,88,3,23,16,5,2,26,41,15,53,2,23,10,5,8,7,32,25,35,6
Europe,England,League One,2018,Portsmouth FC,46,Promotion,Promotion Playoffs,88,46,25,13,8,32,83,51,88,4,23,12,7,4,20,42,22,43,6,23,13,6,4,12,41,29,45,1
Europe,England,League One,2018,Sunderland AFC,46,Promotion,Promotion Playoffs,85,46,22,19,5,33,80,47,85,5,23,12,10,1,21,46,25,46,5,23,10,9,4,12,34,22,39,2
Europe,England,League One,2018,Doncaster Rovers,46,Promotion,Promotion Playoffs,73,46,20,13,13,18,76,58,73,6,23,13,7,3,24,45,21,46,4,23,7,6,10,-6,31,37,27,12
Europe,England,League One,2018,Peterborough United,46,same,NaN,72,46,20,12,14,9,71,62,72,7,23,9,7,7,3,31,28,34,12,23,11,5,7,6,40,34,38,5
Europe,England,League One,2018,Coventry City,46,same,NaN,65,46,18,11,17,0,54,54,65,8,23,9,7,7,4,24,20,34,11,23,9,4,10,-4,30,34,31,7
Europe,England,League One,2018,Burton Albion,46,same,NaN,63,46,17,12,17,9,66,57,63,9,23,11,5,7,12,35,23,38,7,23,6,7,10,-3,31,34,25,16
Europe,England,League One,2018,Blackpool,46,same,NaN,62,46,15,17,14,-2,50,52,62,10,23,8,8,7,2,28,26,32,15,23,7,9,7,-4,22,26,30,10
Europe,England,League One,2018,Fleetwood Town,46,same,NaN,61,46,16,13,17,6,58,52,61,11,23,9,9,5,6,33,27,36,9,23,7,4,12,0,25,25,25,15
Europe,England,League One,2018,Oxford United,46,same,NaN,60,46,15,15,16,-6,58,64,60,12,23,11,4,8,7,34,27,37,8,23,4,11,8,-13,24,37,23,18
Europe,England,League One,2018,Gillingham FC,46,same,NaN,55,46,15,10,21,-11,61,72,55,13,23,7,4,12,-9,27,36,25,21,23,8,6,9,-2,34,36,30,9
Europe,England,League One,2018,Accrington Stanley,46,same,NaN,55,46,14,13,19,-16,51,67,55,14,23,7,6,10,-7,26,33,27,17,23,7,7,9,-9,25,34,28,11
Europe,England,League One,2018,Bristol Rovers,46,same,NaN,54,46,13,15,18,-3,47,50,54,15,23,6,6,11,-4,24,28,24,23,23,7,9,7,1,23,22,30,8
Europe,England,League One,2018,Rochdale AFC,46,same,NaN,54,46,15,9,22,-33,54,87,54,16,23,8,4,11,-12,25,37,28,16,23,7,5,11,-21,29,50,26,14
Europe,England,League One,2018,Wycombe Wanderers,46,same,NaN,53,46,14,11,21,-12,55,67,53,17,23,10,5,8,2,28,26,35,10,23,4,6,13,-14,27,41,18,22
Europe,England,League One,2018,Shrewsbury Town,46,same,NaN,52,46,12,16,18,-8,51,59,52,18,23,8,9,6,0,25,25,33,13,23,4,7,12,-8,26,34,19,21
Europe,England,League One,2018,Southend United,46,same,NaN,50,46,14,8,24,-13,55,68,50,19,23,8,2,13,-2,32,34,26,18,23,6,6,11,-11,23,34,24,17
Europe,England,League One,2018,AFC Wimbledon,46,same,NaN,50,46,13,11,22,-21,42,63,50,20,23,6,5,12,-13,24,37,23,24,23,7,6,10,-8,18,26,27,13
Europe,England,League One,2018,Plymouth Argyle,46,Relegation,NaN,50,46,13,11,22,-24,56,80,50,21,23,9,6,8,-2,36,38,33,14,23,4,5,14,-22,20,42,17,23
Europe,England,League One,2018,Walsall FC,46,Relegation,NaN,47,46,12,11,23,-22,49,71,47,22,23,7,5,11,-7,30,37,26,19,23,5,6,12,-15,19,34,21,19
Europe,England,League One,2018,Scunthorpe United,46,Relegation,NaN,46,46,12,10,24,-30,53,83,46,23,23,6,7,10,-11,31,42,25,22,23,6,3,14,-19,22,41,21,20
Europe,England,League One,2018,Bradford City,46,Relegation,NaN,41,46,11,8,27,-28,49,77,41,24,23,7,4,12,-6,25,31,25,20,23,4,4,15,-22,24,46,16,24
Europe,England,League One,2019,Coventry City,34,Promotion,Promotion,67,34,18,13,3,18,48,30,67,1,17,11,5,1,11,22,11,38,1,17,7,8,2,7,26,19,29,1
Europe,England,League One,2019,Rotherham United,35,Promotion,Promotion,62,35,18,8,9,23,61,38,62,2,17,8,5,4,15,31,16,29,2,18,10,3,5,8,30,22,33,2
Europe,England,League One,2019,Wycombe Wanderers,34,Promotion,Promotion Playoffs,59,34,17,8,9,5,45,40,59,3,18,13,3,2,14,34,20,42,3,16,4,5,7,-9,11,20,17,3
Europe,England,League One,2019,Oxford United,35,Promotion,Promotion Playoffs,60,35,17,9,9,24,61,37,60,4,17,11,3,3,20,33,13,36,4,18,6,6,6,4,28,24,24,4
Europe,England,League One,2019,Portsmouth FC,35,Promotion,Promotion Playoffs,60,35,17,9,9,17,53,36,60,5,18,12,6,0,21,36,15,42,5,17,5,3,9,-4,17,21,18,5
Europe,England,League One,2019,Fleetwood Town,35,Promotion,Promotion Playoffs,60,35,16,12,7,13,51,38,60,6,18,10,7,1,12,25,13,37,6,17,6,5,6,1,26,25,23,6
Europe,England,League One,2019,Peterborough United,35,same,NaN,59,35,17,8,10,28,68,40,59,7,17,12,3,2,28,41,13,39,7,18,5,5,8,0,27,27,20,7
Europe,England,League One,2019,Sunderland AFC,36,same,NaN,59,36,16,11,9,16,48,32,59,8,19,10,8,1,22,35,13,38,8,17,6,3,8,-6,13,19,21,8
Europe,England,League One,2019,Doncaster Rovers,34,same,NaN,54,34,15,9,10,18,51,33,54,9,19,10,5,4,11,30,19,35,9,15,5,4,6,7,21,14,19,9
Europe,England,League One,2019,Gillingham FC,35,same,NaN,51,35,12,15,8,8,42,34,51,10,17,9,3,5,10,27,17,30,10,18,3,12,3,-2,15,17,21,10
Europe,England,League One,2019,Ipswich Town,36,same,NaN,52,36,14,10,12,10,46,36,52,11,17,6,5,6,5,23,18,23,11,19,8,5,6,5,23,18,29,11
Europe,England,League One,2019,Burton Albion,35,same,NaN,48,35,12,12,11,0,50,50,48,12,17,6,8,3,5,19,14,26,12,18,6,4,8,-5,31,36,22,12
Europe,England,League One,2019,Blackpool,35,same,NaN,45,35,11,12,12,1,44,43,45,13,17,9,2,6,4,27,23,29,13,18,2,10,6,-3,17,20,16,13
Europe,England,League One,2019,Bristol Rovers,35,same,NaN,45,35,12,9,14,-11,38,49,45,14,18,7,6,5,4,23,19,27,14,17,5,3,9,-15,15,30,18,14
Europe,England,League One,2019,Shrewsbury Town,34,same,NaN,41,34,10,11,13,-11,31,42,41,15,17,6,5,6,-3,21,24,23,15,17,4,6,7,-8,10,18,18,15
Europe,England,League One,2019,Lincoln City,35,same,NaN,42,35,12,6,17,-2,44,46,42,16,17,10,3,4,10,28,18,33,16,18,2,3,13,-12,16,28,9,16
Europe,England,League One,2019,Accrington Stanley,35,same,NaN,40,35,10,10,15,-6,47,53,40,17,17,7,2,8,6,33,27,23,17,18,3,8,7,-12,14,26,17,17
Europe,England,League One,2019,Rochdale AFC,34,same,NaN,36,34,10,6,18,-18,39,57,36,18,16,5,4,7,-3,19,22,19,18,18,5,2,11,-15,20,35,17,18
Europe,England,League One,2019,Milton Keynes Dons,35,same,NaN,37,35,10,7,18,-11,36,47,37,19,18,9,1,8,-1,20,21,28,19,17,1,6,10,-10,16,26,9,19
Europe,England,League One,2019,AFC Wimbledon,35,same,NaN,35,35,8,11,16,-13,39,52,35,20,18,5,9,4,0,18,18,24,20,17,3,2,12,-13,21,34,11,20
Europe,England,League One,2019,Tranmere Rovers,34,Relegation,NaN,32,34,8,8,18,-24,36,60,32,21,17,3,6,8,-7,19,26,15,21,17,5,2,10,-17,17,34,17,21
Europe,England,League One,2019,Southend United,35,Relegation,NaN,19,35,4,7,24,-46,39,85,19,22,17,2,4,11,-24,18,42,10,22,18,2,3,13,-22,21,43,9,22
Europe,England,League One,2019,Bolton Wanderers,34,Relegation,NaN,14,34,5,11,18,-39,27,66,14,23,17,4,8,5,-6,17,23,20,23,17,1,3,13,-33,10,43,6,23
Europe,England,League One,2020,Hull City,7,Promotion,Promotion,18,7,6,0,1,7,11,4,18,1,3,3,0,0,3,3,0,9,5,4,3,0,1,4,8,4,9,1
Europe,England,League One,2020,Ipswich Town,7,Promotion,Promotion,16,7,5,1,1,8,14,6,16,2,3,3,0,0,6,6,0,9,2,4,2,1,1,2,8,6,7,4
Europe,England,League One,2020,Lincoln City,7,Promotion,Promotion Playoffs,16,7,5,1,1,7,12,5,16,3,4,3,0,1,5,7,2,9,3,3,2,1,0,2,5,3,7,5
Europe,England,League One,2020,Peterborough United,7,Promotion,Promotion Playoffs,15,7,5,0,2,5,10,5,15,4,3,3,0,0,5,7,2,9,3,4,2,0,2,0,3,3,6,10
Europe,England,League One,2020,Sunderland AFC,6,Promotion,Promotion Playoffs,14,6,4,2,0,6,7,1,14,5,3,2,1,0,2,3,1,7,10,3,2,1,0,4,4,0,7,3
Europe,England,League One,2020,Doncaster Rovers,6,Promotion,Promotion Playoffs,13,6,4,1,1,8,13,5,13,6,3,2,1,0,6,9,3,7,7,3,2,0,1,2,4,2,6,8
Europe,England,League One,2020,Accrington Stanley,7,same,NaN,12,7,4,0,3,-1,9,10,12,7,4,3,0,1,1,6,5,9,6,3,1,0,2,-2,3,5,3,13
Europe,England,League One,2020,Portsmouth FC,7,same,NaN,11,7,3,2,2,3,9,6,11,8,4,1,1,2,-1,3,4,4,15,3,2,1,0,4,6,2,7,2
Europe,England,League One,2020,Plymouth Argyle,7,same,NaN,11,7,3,2,2,1,10,9,11,9,4,3,1,0,4,6,2,10,1,3,0,1,2,-3,4,7,1,18
Europe,England,League One,2020,Bristol Rovers,7,same,NaN,11,7,3,2,2,-1,8,9,11,10,3,1,1,1,0,3,3,4,14,4,2,1,1,-1,5,6,7,7
Europe,England,League One,2020,Charlton Athletic,6,same,NaN,10,6,3,1,2,0,5,5,10,11,3,1,1,1,-1,2,3,4,16,3,2,0,1,1,3,2,6,9
Europe,England,League One,2020,Gillingham FC,7,same,NaN,10,7,3,1,3,-1,9,10,10,12,4,2,0,2,0,5,5,6,12,3,1,1,1,-1,4,5,4,12
Europe,England,League One,2020,AFC Wimbledon,7,same,NaN,8,7,2,2,3,-1,9,10,8,13,3,0,1,2,-2,5,7,1,23,4,2,1,1,1,4,3,7,6
Europe,England,League One,2020,Crewe Alexandra,6,same,NaN,7,6,2,1,3,1,6,5,7,14,4,2,1,1,3,6,3,7,8,2,0,0,2,-2,0,2,0,22
Europe,England,League One,2020,Fleetwood Town,7,same,NaN,7,7,2,1,4,0,8,8,7,15,4,2,1,1,3,6,3,7,8,3,0,0,3,-3,2,5,0,23
Europe,England,League One,2020,Northampton Town,7,same,NaN,7,7,2,1,4,-5,7,12,7,16,4,1,1,2,-3,4,7,4,18,3,1,0,2,-2,3,5,3,13
Europe,England,League One,2020,Rochdale AFC,7,same,NaN,7,7,2,1,4,-6,5,11,7,17,3,1,1,1,-2,2,4,4,17,4,1,0,3,-4,3,7,3,16
Europe,England,League One,2020,Shrewsbury Town,6,same,NaN,6,6,1,3,2,-1,4,5,6,18,3,0,1,2,-2,2,4,1,24,3,1,2,0,1,2,1,5,11
Europe,England,League One,2020,Swindon Town,7,same,NaN,6,7,2,0,5,-4,9,13,6,19,4,2,0,2,1,7,6,6,11,3,0,0,3,-5,2,7,0,24
Europe,England,League One,2020,Oxford United,6,same,NaN,6,6,2,0,4,-4,8,12,6,20,2,1,0,1,-1,3,4,3,19,4,1,0,3,-3,5,8,3,15
Europe,England,League One,2020,Wigan Athletic,7,Relegation,NaN,6,7,2,0,5,-6,5,11,6,21,3,1,0,2,-1,3,4,3,19,4,1,0,3,-5,2,7,3,17
Europe,England,League One,2020,Milton Keynes Dons,7,Relegation,NaN,5,7,1,2,4,-3,8,11,5,22,3,1,1,1,1,4,3,4,13,4,0,1,3,-4,4,8,1,20
Europe,England,League One,2020,Blackpool,7,Relegation,NaN,4,7,1,1,5,-6,6,12,4,23,4,1,0,3,-3,5,8,3,22,3,0,1,2,-3,1,4,1,19
Europe,England,League One,2020,Burton Albion,7,Relegation,NaN,4,7,1,1,5,-7,8,15,4,24,3,1,0,2,-2,4,6,3,21,4,0,1,3,-5,4,9,1,21
Europe,England,League Two,2018,Lincoln City,46,Promotion,Promotion,85,46,23,16,7,30,73,43,85,1,23,11,10,2,12,35,23,43,7,23,12,6,5,18,38,20,42,1
Europe,England,League Two,2018,Bury FC,46,Promotion,Promotion,79,46,22,13,11,26,82,56,79,2,23,14,6,3,26,52,26,48,1,23,8,7,8,0,30,30,31,5
Europe,England,League Two,2018,Milton Keynes Dons,46,Promotion,Promotion,79,46,23,10,13,22,71,49,79,3,23,14,5,4,21,35,14,47,4,23,9,5,9,1,36,35,32,3
Europe,England,League Two,2018,Mansfield Town,46,Promotion,Promotion Playoffs,76,46,20,16,10,28,69,41,76,4,23,14,5,4,23,38,15,47,3,23,6,11,6,5,31,26,29,9
Europe,England,League Two,2018,Forest Green Rovers,46,Promotion,Promotion Playoffs,74,46,20,14,12,21,68,47,74,5,23,8,9,6,8,28,20,33,16,23,12,5,6,13,40,27,41,2
Europe,England,League Two,2018,Tranmere Rovers,46,Promotion,Promotion Playoffs,73,46,20,13,13,13,63,50,73,6,23,14,5,4,20,33,13,47,6,23,6,8,9,-7,30,37,26,13
Europe,England,League Two,2018,Newport County AFC,46,Promotion,Promotion Playoffs,71,46,20,11,15,0,59,59,71,7,23,14,6,3,10,32,22,48,2,23,6,5,12,-10,27,37,23,16
Europe,England,League Two,2018,Colchester United,46,same,NaN,70,46,20,10,16,12,65,53,70,8,23,12,4,7,16,39,23,40,8,23,8,6,9,-4,26,30,30,8
Europe,England,League Two,2018,Exeter City,46,same,NaN,70,46,19,13,14,11,60,49,70,9,23,12,3,8,9,34,25,39,10,23,7,10,6,2,26,24,31,4
Europe,England,League Two,2018,Stevenage FC,46,same,NaN,70,46,20,10,16,4,59,55,70,10,23,12,3,8,5,28,23,39,11,23,8,7,8,-1,31,32,31,6
Europe,England,League Two,2018,Carlisle United,46,same,NaN,68,46,20,8,18,5,67,62,68,11,23,12,3,8,11,42,31,39,9,23,8,5,10,-6,25,31,29,10
Europe,England,League Two,2018,Crewe Alexandra,46,same,NaN,65,46,19,8,19,1,60,59,65,12,23,15,2,6,20,45,25,47,5,23,4,6,13,-19,15,34,18,22
Europe,England,League Two,2018,Swindon Town,46,same,NaN,64,46,16,16,14,3,59,56,64,13,23,8,9,6,4,31,27,33,17,23,8,7,8,-1,28,29,31,7
Europe,England,League Two,2018,Oldham Athletic,46,same,NaN,62,46,16,14,16,7,67,60,62,14,23,10,6,7,9,42,33,36,14,23,6,8,9,-2,25,27,26,12
Europe,England,League Two,2018,Northampton Town,46,same,NaN,61,46,14,19,13,1,64,63,61,15,23,7,12,4,3,30,27,33,18,23,7,7,9,-2,34,36,28,11
Europe,England,League Two,2018,Cheltenham Town,46,same,NaN,57,46,15,12,19,-11,57,68,57,16,23,10,7,6,5,34,29,37,12,23,5,5,13,-16,23,39,20,17
Europe,England,League Two,2018,Grimsby Town,46,same,NaN,56,46,16,8,22,-11,45,56,56,17,23,11,4,8,5,26,21,37,13,23,5,4,14,-16,19,35,19,19
Europe,England,League Two,2018,Morecambe FC,46,same,NaN,54,46,14,12,20,-16,54,70,54,18,23,8,5,10,2,33,31,29,19,23,6,7,10,-18,21,39,25,15
Europe,England,League Two,2018,Crawley Town,46,same,NaN,53,46,15,8,23,-17,51,68,53,19,23,10,5,8,3,34,31,35,15,23,5,3,15,-20,17,37,18,23
Europe,England,League Two,2018,Port Vale,46,same,NaN,49,46,12,13,21,-16,39,55,49,20,23,7,3,13,-12,24,36,24,23,23,5,10,8,-4,15,19,25,14
Europe,England,League Two,2018,Cambridge United,46,same,NaN,47,46,12,11,23,-26,40,66,47,21,23,7,7,9,-5,21,26,28,20,23,5,4,14,-21,19,40,19,20
Europe,England,League Two,2018,Macclesfield Town,46,same,NaN,44,46,10,14,22,-26,48,74,44,22,23,5,11,7,-9,26,35,26,21,23,5,3,15,-17,22,39,18,21
Europe,England,League Two,2018,Notts County,46,Relegation,NaN,41,46,9,14,23,-36,48,84,41,23,23,5,9,9,-11,23,34,24,22,23,4,5,14,-25,25,50,17,24
Europe,England,League Two,2018,Yeovil Town,46,Relegation,NaN,40,46,9,13,24,-25,41,66,40,24,23,4,9,10,-14,20,34,21,24,23,5,4,14,-11,21,32,19,18
Europe,England,League Two,2019,Swindon Town,36,Promotion,Promotion,69,36,21,6,9,23,62,39,69,1,19,13,2,4,17,34,17,41,1,17,8,4,5,6,28,22,28,1
Europe,England,League Two,2019,Crewe Alexandra,37,Promotion,Promotion,69,37,20,9,8,24,67,43,69,2,19,13,3,3,21,38,17,42,2,18,7,6,5,3,29,26,27,2
Europe,England,League Two,2019,Plymouth Argyle,37,Promotion,Promotion,68,37,20,8,9,22,61,39,68,3,19,12,5,2,22,38,16,41,3,18,8,3,7,0,23,23,27,3
Europe,England,League Two,2019,Cheltenham Town,36,Promotion,Promotion Playoffs,64,36,17,13,6,25,52,27,64,4,18,11,5,2,18,35,17,38,4,18,6,8,4,7,17,10,26,4
Europe,England,League Two,2019,Exeter City,37,Promotion,Promotion Playoffs,65,37,18,11,8,10,53,43,65,5,18,10,7,1,16,31,15,37,5,19,8,4,7,-6,22,28,28,5
Europe,England,League Two,2019,Colchester United,37,Promotion,Promotion Playoffs,58,37,15,13,9,15,52,37,58,6,18,9,5,4,11,28,17,32,6,19,6,8,5,4,24,20,26,6
Europe,England,League Two,2019,Northampton Town,37,Promotion,Promotion Playoffs,58,37,17,7,13,14,54,40,58,7,19,11,2,6,17,31,14,35,7,18,6,5,7,-3,23,26,23,7
Europe,England,League Two,2019,Port Vale,37,same,NaN,57,37,14,15,8,6,50,44,57,8,18,9,8,1,13,28,15,35,8,19,5,7,7,-7,22,29,22,8
Europe,England,League Two,2019,Bradford City,37,same,NaN,54,37,14,12,11,4,44,40,54,9,18,11,5,2,15,29,14,38,9,19,3,7,9,-11,15,26,16,9
Europe,England,League Two,2019,Forest Green Rovers,36,same,NaN,49,36,13,10,13,3,43,40,49,10,17,5,4,8,-6,16,22,19,10,19,8,6,5,9,27,18,30,10
Europe,England,League Two,2019,Salford City FC,37,same,NaN,50,37,13,11,13,3,49,46,50,11,19,5,6,8,-4,20,24,21,11,18,8,5,5,7,29,22,29,11
Europe,England,League Two,2019,Walsall FC,36,same,NaN,47,36,13,8,15,-9,40,49,47,12,19,6,5,8,-5,21,26,23,12,17,7,3,7,-4,19,23,24,12
Europe,England,League Two,2019,Crawley Town,37,same,NaN,48,37,11,15,11,4,51,47,48,13,19,10,5,4,11,30,19,35,13,18,1,10,7,-7,21,28,13,13
Europe,England,League Two,2019,Newport County AFC,36,same,NaN,46,36,12,10,14,-7,32,39,46,14,19,9,7,3,7,20,13,34,14,17,3,3,11,-14,12,26,12,14
Europe,England,League Two,2019,Grimsby Town,37,same,NaN,47,37,12,11,14,-6,45,51,47,15,18,6,5,7,-5,22,27,23,15,19,6,6,7,-1,23,24,24,15
Europe,England,League Two,2019,Cambridge United,37,same,NaN,45,37,12,9,16,-8,40,48,45,16,18,7,3,8,-4,23,27,24,16,19,5,6,8,-4,17,21,21,16
Europe,England,League Two,2019,Leyton Orient,36,same,NaN,42,36,10,12,14,-8,47,55,42,17,19,5,8,6,-4,26,30,23,17,17,5,4,8,-4,21,25,19,17
Europe,England,League Two,2019,Carlisle United,37,same,NaN,42,37,10,12,15,-17,39,56,42,18,19,5,7,7,-9,17,26,22,18,18,5,5,8,-8,22,30,20,18
Europe,England,League Two,2019,Oldham Athletic,37,same,NaN,41,37,9,14,14,-13,44,57,41,19,18,6,7,5,7,28,21,25,19,19,3,7,9,-20,16,36,16,19
Europe,England,League Two,2019,Scunthorpe United,37,same,NaN,40,37,10,10,17,-12,44,56,40,20,19,6,6,7,-1,24,25,24,20,18,4,4,10,-11,20,31,16,20
Europe,England,League Two,2019,Mansfield Town,36,same,NaN,38,36,9,11,16,-7,48,55,38,21,17,4,5,8,-2,27,29,17,21,19,5,6,8,-5,21,26,21,21
Europe,England,League Two,2019,Morecambe FC,37,same,NaN,32,37,7,11,19,-25,35,60,32,22,18,4,8,6,-3,20,23,20,22,19,3,3,13,-22,15,37,12,22
Europe,England,League Two,2019,Macclesfield Town,37,same,NaN,23,37,7,15,15,-15,32,47,23,23,18,5,9,4,2,19,17,24,23,19,2,6,11,-17,13,30,12,23
Europe,England,League Two,2019,Stevenage FC,36,Relegation,NaN,22,36,3,13,20,-26,24,50,22,24,17,2,6,9,-12,10,22,12,24,19,1,7,11,-14,14,28,10,24
Europe,England,League Two,2020,Cambridge United,7,Promotion,Promotion,16,7,5,1,1,14,18,4,16,1,4,3,1,0,6,8,2,10,1,3,2,0,1,8,10,2,6,8
Europe,England,League Two,2020,Newport County AFC,7,Promotion,Promotion,16,7,5,1,1,5,10,5,16,2,3,3,0,0,3,5,2,9,3,4,2,1,1,2,5,3,7,6
Europe,England,League Two,2020,Cheltenham Town,7,Promotion,Promotion,15,7,5,0,2,7,12,5,15,3,4,2,0,2,0,5,5,6,10,3,3,0,0,7,7,0,9,2
Europe,England,League Two,2020,Harrogate Town FC,7,Promotion,Promotion Playoffs,14,7,4,2,1,6,11,5,14,4,3,1,1,1,0,4,4,4,14,4,3,1,0,6,7,1,10,1
Europe,England,League Two,2020,Carlisle United,7,Promotion,Promotion Playoffs,13,7,4,1,2,1,8,7,13,5,3,3,0,0,4,6,2,9,2,4,1,1,2,-3,2,5,4,14
Europe,England,League Two,2020,Morecambe FC,7,Promotion,Promotion Playoffs,13,7,4,1,2,-5,9,14,13,6,3,1,1,1,-4,2,6,4,15,4,3,0,1,-1,7,8,9,3
Europe,England,League Two,2020,Salford City FC,7,Promotion,Promotion Playoffs,12,7,3,3,1,7,12,5,12,7,4,1,3,0,3,7,4,6,8,3,2,0,1,4,5,1,6,9
Europe,England,League Two,2020,Forest Green Rovers,7,same,NaN,12,7,3,3,1,4,9,5,12,8,3,1,2,0,1,4,3,5,11,4,2,1,1,3,5,2,7,4
Europe,England,League Two,2020,Exeter City,7,same,NaN,12,7,3,3,1,2,10,8,12,9,3,2,0,1,1,4,3,6,9,4,1,3,0,1,6,5,6,10
Europe,England,League Two,2020,Walsall FC,7,same,NaN,11,7,2,5,0,2,8,6,11,10,4,2,2,0,2,4,2,8,4,3,0,3,0,0,4,4,3,15
Europe,England,League Two,2020,Colchester United,7,same,NaN,10,7,2,4,1,2,10,8,10,11,3,2,1,0,3,6,3,7,6,4,0,3,1,-1,4,5,3,16
Europe,England,League Two,2020,Crawley Town,7,same,NaN,10,7,3,1,3,1,10,9,10,12,3,2,1,0,5,6,1,7,5,4,1,0,3,-4,4,8,3,19
Europe,England,League Two,2020,Port Vale,7,same,NaN,10,7,3,1,3,1,6,5,10,13,4,2,1,1,2,3,1,7,7,3,1,0,2,-1,3,4,3,17
Europe,England,League Two,2020,Bradford City,6,same,NaN,9,6,2,3,1,2,8,6,9,14,4,1,2,1,0,3,3,5,12,2,1,1,0,2,5,3,4,11
Europe,England,League Two,2020,Leyton Orient,7,same,NaN,8,7,2,2,3,-2,8,10,8,15,3,0,1,2,-3,4,7,1,21,4,2,1,1,1,4,3,7,7
Europe,England,League Two,2020,Grimsby Town,6,same,NaN,7,6,2,1,3,-3,7,10,7,16,2,0,0,2,-5,1,6,0,24,4,2,1,1,2,6,4,7,5
Europe,England,League Two,2020,Tranmere Rovers,7,same,NaN,6,7,1,3,3,-3,4,7,6,17,3,1,0,2,-2,2,4,3,18,4,0,3,1,-1,2,3,3,18
Europe,England,League Two,2020,Stevenage FC,7,same,NaN,5,7,1,2,4,-1,5,6,5,18,3,1,0,2,1,3,2,3,17,4,0,2,2,-2,2,4,2,21
Europe,England,League Two,2020,Oldham Athletic,7,same,NaN,5,7,1,2,4,-5,10,15,5,19,4,0,1,3,-3,5,8,1,20,3,1,1,1,-2,5,7,4,13
Europe,England,League Two,2020,Bolton Wanderers,7,same,NaN,5,7,1,2,4,-5,6,11,5,20,4,0,1,3,-4,1,5,1,22,3,1,1,1,-1,5,6,4,12
Europe,England,League Two,2020,Barrow AFC,7,same,NaN,4,7,0,4,3,-3,7,10,4,21,4,0,4,0,0,6,6,4,13,3,0,0,3,-3,1,4,0,23
Europe,England,League Two,2020,Mansfield Town,7,same,NaN,4,7,0,4,3,-4,6,10,4,22,4,0,2,2,-3,2,5,2,19,3,0,2,1,-1,4,5,2,20
Europe,England,League Two,2020,Scunthorpe United,7,Relegation,NaN,4,7,1,1,5,-11,3,14,4,23,4,1,1,2,-7,3,10,4,16,3,0,0,3,-4,0,4,0,24
Europe,England,League Two,2020,Southend United,7,Relegation,NaN,2,7,0,2,5,-12,4,16,2,24,4,0,1,3,-7,3,10,1,23,3,0,1,2,-5,1,6,1,22
Europe,France,Ligue 1,2018,Paris Saint-Germain,38,Promotion,Champions League,91,38,29,4,5,70,105,35,91,1,19,17,2,0,53,63,10,53,1,19,12,2,5,17,42,25,38,1
Europe,France,Ligue 1,2018,LOSC Lille,38,Promotion,Champions League,75,38,22,9,7,35,68,33,75,2,19,13,4,2,31,42,11,43,2,19,9,5,5,4,26,22,32,2
Europe,France,Ligue 1,2018,Olympique Lyonnais,38,Promotion,Champions League,72,38,21,9,8,23,70,47,72,3,19,12,4,3,19,38,19,40,4,19,9,5,5,4,32,28,32,2
Europe,France,Ligue 1,2018,AS Saint-Etienne,38,Promotion,Europa League,66,38,19,9,10,18,59,41,66,4,19,13,2,4,20,34,14,41,3,19,6,7,6,-2,25,27,25,5
Europe,France,Ligue 1,2018,Olympique Marseille,38,same,NaN,61,38,18,7,13,8,60,52,61,5,19,11,4,4,14,31,17,37,5,19,7,3,9,-6,29,35,24,7
Europe,France,Ligue 1,2018,Montpellier HSC,38,same,NaN,59,38,15,14,9,11,53,42,59,6,19,8,8,3,11,31,20,32,7,19,7,6,6,0,22,22,27,4
Europe,France,Ligue 1,2018,OGC Nice,38,same,NaN,56,38,15,11,12,-5,30,35,56,7,19,10,4,5,5,19,14,34,6,19,5,7,7,-10,11,21,22,10
Europe,France,Ligue 1,2018,Stade Reims,38,same,NaN,55,38,13,16,9,-3,39,42,55,8,19,8,7,4,3,21,18,31,11,19,5,9,5,-6,18,24,24,6
Europe,France,Ligue 1,2018,Olympique Nimes,38,same,NaN,53,38,15,8,15,-1,57,58,53,9,19,9,5,5,10,30,20,32,8,19,6,3,10,-11,27,38,21,12
Europe,France,Ligue 1,2018,FC Stade Rennes,38,Promotion,Europa League,52,38,13,13,12,3,55,52,52,10,19,8,7,4,9,27,18,31,10,19,5,6,8,-6,28,34,21,11
Europe,France,Ligue 1,2018,RC Strasbourg Alsace,38,Promotion,Europa League Qualification,49,38,11,16,11,10,58,48,49,11,19,6,8,5,6,31,25,26,13,19,5,8,6,4,27,23,23,8
Europe,France,Ligue 1,2018,FC Nantes,38,same,NaN,48,38,13,9,16,0,48,48,48,12,19,9,4,6,11,35,24,31,9,19,4,5,10,-11,13,24,17,14
Europe,France,Ligue 1,2018,SCO Angers,38,same,NaN,46,38,10,16,12,-5,44,49,46,13,19,5,9,5,2,24,22,24,15,19,5,7,7,-7,20,27,22,9
Europe,France,Ligue 1,2018,FC Girondins Bordeaux,38,same,NaN,41,38,10,11,17,-8,34,42,41,14,19,7,6,6,3,24,21,27,12,19,3,5,11,-11,10,21,14,17
Europe,France,Ligue 1,2018,SC Amiens,38,same,NaN,38,38,9,11,18,-21,31,52,38,15,19,7,5,7,-2,20,22,26,14,19,2,6,11,-19,11,30,12,19
Europe,France,Ligue 1,2018,FC Toulouse,38,same,NaN,38,38,8,14,16,-22,35,57,38,16,19,4,9,6,-6,20,26,21,17,19,4,5,10,-16,15,31,17,15
Europe,France,Ligue 1,2018,AS Monaco,38,same,NaN,36,38,8,12,18,-19,38,57,36,17,19,4,6,9,-10,19,29,18,18,19,4,6,9,-9,19,28,18,13
Europe,France,Ligue 1,2018,Dijon FCO,38,Promotion,Relegation Playoff,34,38,9,7,22,-29,31,60,34,18,19,6,4,9,-11,18,29,22,16,19,3,3,13,-18,13,31,12,18
Europe,France,Ligue 1,2018,SM Caen,38,Relegation,NaN,33,38,7,12,19,-25,29,54,33,19,19,4,5,10,-11,16,27,17,19,19,3,7,9,-14,13,27,16,16
Europe,France,Ligue 1,2018,EA Guingamp,38,Relegation,NaN,27,38,5,12,21,-40,28,68,27,20,19,3,7,9,-11,16,27,16,20,19,2,5,12,-29,12,41,11,20
Europe,France,Ligue 1,2019,Paris Saint-Germain,27,Promotion,Champions League,68,27,22,2,3,51,75,24,68,1,14,12,1,1,33,44,11,37,1,13,10,1,2,18,31,13,31,1
Europe,France,Ligue 1,2019,Olympique Marseille,28,Promotion,Champions League,56,28,16,8,4,12,41,29,56,2,14,8,4,2,7,21,14,28,2,14,8,4,2,5,20,15,28,2
Europe,France,Ligue 1,2019,FC Stade Rennes,28,Promotion,Champions League Qualification,50,28,15,5,8,14,38,24,50,3,14,9,2,3,11,25,14,29,3,14,6,3,5,3,13,10,21,3
Europe,France,Ligue 1,2019,LOSC Lille,28,Promotion,Europa League,49,28,15,4,9,8,35,27,49,4,15,11,2,2,15,24,9,35,4,13,4,2,7,-7,11,18,14,4
Europe,France,Ligue 1,2019,OGC Nice,28,Promotion,Europa League,41,28,11,8,9,3,41,38,41,5,15,8,4,3,8,28,20,28,5,13,3,4,6,-5,13,18,13,5
Europe,France,Ligue 1,2019,Stade Reims,28,same,NaN,41,28,10,11,7,5,26,21,41,6,14,5,7,2,5,12,7,22,6,14,5,4,5,0,14,14,19,6
Europe,France,Ligue 1,2019,Olympique Lyonnais,28,same,NaN,40,28,11,7,10,15,42,27,40,7,13,5,4,4,10,17,7,19,7,15,6,3,6,5,25,20,21,7
Europe,France,Ligue 1,2019,Montpellier HSC,28,same,NaN,40,28,11,7,10,1,35,34,40,8,14,10,2,2,16,26,10,32,8,14,1,5,8,-15,9,24,8,8
Europe,France,Ligue 1,2019,AS Monaco,28,same,NaN,40,28,11,7,10,0,44,44,40,9,14,8,2,4,7,29,22,26,9,14,3,5,6,-7,15,22,14,9
Europe,France,Ligue 1,2019,RC Strasbourg Alsace,27,same,NaN,38,27,11,5,11,0,32,32,38,10,13,7,3,3,8,22,14,24,10,14,4,2,8,-8,10,18,14,10
Europe,France,Ligue 1,2019,SCO Angers,28,same,NaN,39,28,11,6,11,-5,28,33,39,11,15,8,3,4,7,20,13,27,11,13,3,3,7,-12,8,20,12,11
Europe,France,Ligue 1,2019,FC Girondins Bordeaux,28,same,NaN,37,28,9,10,9,6,40,34,37,12,13,4,5,4,7,19,12,17,12,15,5,5,5,-1,21,22,20,12
Europe,France,Ligue 1,2019,FC Nantes,28,same,NaN,37,28,11,4,13,-3,28,31,37,13,14,6,2,6,0,11,11,20,13,14,5,2,7,-3,17,20,17,13
Europe,France,Ligue 1,2019,Stade Brestois 29,28,same,NaN,34,28,8,10,10,-3,34,37,34,14,14,6,6,2,10,21,11,24,14,14,2,4,8,-13,13,26,10,14
Europe,France,Ligue 1,2019,FC Metz,28,same,NaN,34,28,8,10,10,-8,27,35,34,15,14,5,4,5,1,18,17,19,15,14,3,6,5,-9,9,18,15,15
Europe,France,Ligue 1,2019,Dijon FCO,28,same,NaN,30,28,7,9,12,-10,27,37,30,16,14,6,6,2,5,20,15,24,16,14,1,3,10,-15,7,22,6,16
Europe,France,Ligue 1,2019,AS Saint-Etienne,28,same,NaN,30,28,8,6,14,-16,29,45,30,17,14,4,6,4,-3,15,18,18,17,14,4,0,10,-13,14,27,12,17
Europe,France,Ligue 1,2019,Olympique Nimes,28,same,NaN,27,28,7,6,15,-15,29,44,27,18,14,6,2,6,2,17,15,20,18,14,1,4,9,-17,12,29,7,18
Europe,France,Ligue 1,2019,SC Amiens,28,Relegation,NaN,23,28,4,11,13,-19,31,50,23,19,14,3,5,6,-6,17,23,14,19,14,1,6,7,-13,14,27,9,19
Europe,France,Ligue 1,2019,FC Toulouse,28,Relegation,NaN,13,28,3,4,21,-36,22,58,13,20,13,3,0,10,-13,11,24,9,20,15,0,4,11,-23,11,34,4,20
Europe,France,Ligue 1,2020,LOSC Lille,7,Promotion,Champions League,17,7,5,2,0,11,13,2,17,1,4,3,1,0,7,8,1,10,1,3,2,1,0,4,5,1,7,3
Europe,France,Ligue 1,2020,Paris Saint-Germain,7,Promotion,Champions League,15,7,5,0,2,13,16,3,15,2,3,2,0,1,5,7,2,6,8,4,3,0,1,8,9,1,9,1
Europe,France,Ligue 1,2020,FC Stade Rennes,7,Promotion,Champions League Qualification,15,7,4,3,0,7,15,8,15,3,3,2,1,0,2,6,4,7,6,4,2,2,0,5,9,4,8,2
Europe,France,Ligue 1,2020,OGC Nice,7,Promotion,Europa League,13,7,4,1,2,1,10,9,13,4,3,2,0,1,-1,4,5,6,13,4,2,1,1,2,6,4,7,4
Europe,France,Ligue 1,2020,RC Lens,7,Promotion,Conference League Qualification,13,7,4,1,2,0,10,10,13,5,3,3,0,0,4,5,1,9,3,4,1,1,2,-4,5,9,4,9
Europe,France,Ligue 1,2020,Olympique Marseille,7,same,NaN,12,7,3,3,1,2,10,8,12,6,4,1,2,1,0,5,5,5,15,3,2,1,0,2,5,3,7,5
Europe,France,Ligue 1,2020,Montpellier HSC,7,same,NaN,11,7,3,2,2,4,13,9,11,7,4,3,0,1,5,9,4,9,2,3,0,2,1,-1,4,5,2,15
Europe,France,Ligue 1,2020,AS Monaco,7,same,NaN,11,7,3,2,2,1,10,9,11,8,4,2,2,0,2,8,6,8,4,3,1,0,2,-1,2,3,3,11
Europe,France,Ligue 1,2020,Olympique Lyonnais,7,same,NaN,10,7,2,4,1,3,10,7,10,9,3,1,2,0,3,5,2,5,14,4,1,2,1,0,5,5,5,6
Europe,France,Ligue 1,2020,AS Saint-Etienne,7,same,NaN,10,7,3,1,3,-1,9,10,10,10,4,2,0,2,-1,5,6,6,12,3,1,1,1,0,4,4,4,7
Europe,France,Ligue 1,2020,SCO Angers,7,same,NaN,10,7,3,1,3,-7,8,15,10,11,4,2,1,1,0,5,5,7,7,3,1,0,2,-7,3,10,3,14
Europe,France,Ligue 1,2020,FC Girondins Bordeaux,7,same,NaN,9,7,2,3,2,2,7,5,9,12,4,1,3,0,3,3,0,6,9,3,1,0,2,-1,4,5,3,10
Europe,France,Ligue 1,2020,Stade Brestois 29,7,same,NaN,9,7,3,0,4,-4,11,15,9,13,3,2,0,1,1,6,5,6,11,4,1,0,3,-5,5,10,3,13
Europe,France,Ligue 1,2020,FC Metz,7,same,NaN,8,7,2,2,3,0,7,7,8,14,3,2,0,1,2,5,3,6,10,4,0,2,2,-2,2,4,2,17
Europe,France,Ligue 1,2020,FC Nantes,7,same,NaN,8,7,2,2,3,-1,9,10,8,15,3,2,1,0,3,7,4,7,5,4,0,1,3,-4,2,6,1,18
Europe,France,Ligue 1,2020,Olympique Nimes,7,same,NaN,8,7,2,2,3,-2,9,11,8,16,4,1,1,2,-2,7,9,4,17,3,1,1,1,0,2,2,4,8
Europe,France,Ligue 1,2020,FC Lorient,7,same,NaN,7,7,2,1,4,-2,12,14,7,17,3,1,1,1,1,6,5,4,16,4,1,0,3,-3,6,9,3,12
Europe,France,Ligue 1,2020,RC Strasbourg Alsace,7,Promotion,Relegation Playoff,3,7,1,0,6,-10,6,16,3,18,4,1,0,3,-5,3,8,3,18,3,0,0,3,-5,3,8,0,19
Europe,France,Ligue 1,2020,Stade Reims,7,Relegation,NaN,2,7,0,2,5,-7,6,13,2,19,3,0,0,3,-5,1,6,0,20,4,0,2,2,-2,5,7,2,16
Europe,France,Ligue 1,2020,Dijon FCO,7,Relegation,NaN,2,7,0,2,5,-10,4,14,2,20,4,0,2,2,-3,3,6,2,19,3,0,0,3,-7,1,8,0,20
Europe,Germany,Bundesliga,2018,FC Bayern Munich,34,Promotion,Champions League,78,34,24,6,4,56,88,32,78,1,17,13,3,1,35,49,14,42,2,17,11,3,3,21,39,18,36,1
Europe,Germany,Bundesliga,2018,Borussia Dortmund,34,Promotion,Champions League,76,34,23,7,4,37,81,44,76,2,17,14,2,1,27,52,25,44,1,17,9,5,3,10,29,19,32,2
Europe,Germany,Bundesliga,2018,RB Leipzig,34,Promotion,Champions League,66,34,19,9,6,34,63,29,66,3,17,10,6,1,25,34,9,36,3,17,9,3,5,9,29,20,30,3
Europe,Germany,Bundesliga,2018,Bayer 04 Leverkusen,34,Promotion,Champions League,58,34,18,4,12,17,69,52,58,4,17,9,2,6,7,32,25,29,8,17,9,2,6,10,37,27,29,4
Europe,Germany,Bundesliga,2018,Borussia Monchengladbach,34,Promotion,Europa League,55,34,16,7,11,13,55,42,55,5,17,9,3,5,9,31,22,30,5,17,7,4,6,4,24,20,25,8
Europe,Germany,Bundesliga,2018,VfL Wolfsburg,34,Promotion,Europa League,55,34,16,7,11,12,62,50,55,6,17,8,5,4,13,36,23,29,6,17,8,2,7,-1,26,27,26,6
Europe,Germany,Bundesliga,2018,Eintracht Frankfurt,34,Promotion,Europa League Qualification,54,34,15,9,10,12,60,48,54,7,17,8,4,5,11,32,21,28,9,17,7,5,5,1,28,27,26,5
Europe,Germany,Bundesliga,2018,Werder Bremen,34,same,NaN,53,34,14,11,9,9,58,49,53,8,17,8,6,3,9,35,26,30,4,17,6,5,6,0,23,23,23,9
Europe,Germany,Bundesliga,2018,TSG 1899 Hoffenheim,34,same,NaN,51,34,13,12,9,18,70,52,51,9,17,7,5,5,8,28,20,26,11,17,6,7,4,10,42,32,25,7
Europe,Germany,Bundesliga,2018,Fortuna Dusseldorf,34,same,NaN,44,34,13,5,16,-16,49,65,44,10,17,9,0,8,-1,27,28,27,10,17,4,5,8,-15,22,37,17,12
Europe,Germany,Bundesliga,2018,Hertha BSC,34,same,NaN,43,34,11,10,13,-8,49,57,43,11,17,6,6,5,-1,26,27,24,13,17,5,4,8,-7,23,30,19,10
Europe,Germany,Bundesliga,2018,1. FSV Mainz 05,34,same,NaN,43,34,12,7,15,-11,46,57,43,12,17,8,5,4,9,31,22,29,7,17,4,2,11,-20,15,35,14,13
Europe,Germany,Bundesliga,2018,SC Freiburg,34,same,NaN,36,34,8,12,14,-15,46,61,36,13,17,6,7,4,5,32,27,25,12,17,2,5,10,-20,14,34,11,15
Europe,Germany,Bundesliga,2018,FC Schalke 04,34,same,NaN,33,34,8,9,17,-18,37,55,33,14,17,4,3,10,-12,16,28,15,18,17,4,6,7,-6,21,27,18,11
Europe,Germany,Bundesliga,2018,FC Augsburg,34,same,NaN,32,34,8,8,18,-20,51,71,32,15,17,5,4,8,1,34,33,19,15,17,3,4,10,-21,17,38,13,14
Europe,Germany,Bundesliga,2018,VfB Stuttgart,34,Promotion,Relegation Playoffs,28,34,7,7,20,-38,32,70,28,16,17,6,4,7,-5,22,27,22,14,17,1,3,13,-33,10,43,6,16
Europe,Germany,Bundesliga,2018,Hannover 96,34,Relegation,NaN,21,34,5,6,23,-40,31,71,21,17,17,5,1,11,-11,15,26,16,17,17,0,5,12,-29,16,45,5,17
Europe,Germany,Bundesliga,2018,1 FC Nuremberg,34,Relegation,NaN,19,34,3,10,21,-42,26,68,19,18,17,3,7,7,-6,16,22,16,16,17,0,3,14,-36,10,46,3,18
Europe,Germany,Bundesliga,2019,FC Bayern Munich,34,Promotion,Champions League,82,34,26,4,4,68,100,32,82,1,17,13,2,2,38,53,15,41,1,17,13,2,2,30,47,17,41,1
Europe,Germany,Bundesliga,2019,Borussia Dortmund,34,Promotion,Champions League,69,34,21,6,7,43,84,41,69,2,17,11,3,3,29,46,17,36,3,17,10,3,4,14,38,24,33,3
Europe,Germany,Bundesliga,2019,RB Leipzig,34,Promotion,Champions League,66,34,18,12,4,44,81,37,66,3,17,7,8,2,17,38,21,29,5,17,11,4,2,27,43,16,37,2
Europe,Germany,Bundesliga,2019,Borussia Monchengladbach,34,Promotion,Champions League,65,34,20,5,9,26,66,40,65,4,17,12,2,3,19,40,21,38,2,17,8,3,6,7,26,19,27,7
Europe,Germany,Bundesliga,2019,Bayer 04 Leverkusen,34,Promotion,Europa League,63,34,19,6,9,17,61,44,63,5,17,9,4,4,10,32,22,31,4,17,10,2,5,7,29,22,32,4
Europe,Germany,Bundesliga,2019,TSG 1899 Hoffenheim,34,Promotion,Europa League,52,34,15,7,12,0,53,53,52,6,17,7,1,9,-11,26,37,22,11,17,8,6,3,11,27,16,30,5
Europe,Germany,Bundesliga,2019,VfL Wolfsburg,34,Promotion,Europa League Qualification,49,34,13,10,11,2,48,46,49,7,17,4,7,6,-4,19,23,19,14,17,9,3,5,6,29,23,30,6
Europe,Germany,Bundesliga,2019,SC Freiburg,34,same,NaN,48,34,13,9,12,1,48,47,48,8,17,9,2,6,6,23,17,29,6,17,4,7,6,-5,25,30,19,11
Europe,Germany,Bundesliga,2019,Eintracht Frankfurt,34,same,NaN,45,34,13,6,15,-1,59,60,45,9,17,8,4,5,9,36,27,28,7,17,5,2,10,-10,23,33,17,12
Europe,Germany,Bundesliga,2019,Hertha BSC,34,same,NaN,41,34,11,8,15,-11,48,59,41,10,17,6,3,8,-9,23,32,21,12,17,5,5,7,-2,25,27,20,9
Europe,Germany,Bundesliga,2019,1. FC Union Berlin,34,same,NaN,41,34,12,5,17,-17,41,58,41,11,17,8,3,6,4,24,20,27,8,17,4,2,11,-21,17,38,14,16
Europe,Germany,Bundesliga,2019,FC Schalke 04,34,same,NaN,39,34,9,12,13,-20,38,58,39,12,17,5,7,5,-7,20,27,22,10,17,4,5,8,-13,18,31,17,13
Europe,Germany,Bundesliga,2019,1. FSV Mainz 05,34,same,NaN,37,34,11,4,19,-21,44,65,37,13,17,5,2,10,-11,18,29,17,16,17,6,2,9,-10,26,36,20,10
Europe,Germany,Bundesliga,2019,1. FC Cologne,34,same,NaN,36,34,10,6,18,-18,51,69,36,14,17,6,4,7,1,28,27,22,9,17,4,2,11,-19,23,42,14,15
Europe,Germany,Bundesliga,2019,FC Augsburg,34,same,NaN,36,34,9,9,16,-18,45,63,36,15,17,5,5,7,-1,28,29,20,13,17,4,4,9,-17,17,34,16,14
Europe,Germany,Bundesliga,2019,Werder Bremen,34,Promotion,Relegation Playoffs,31,34,8,7,19,-27,42,69,31,16,17,2,3,12,-21,15,36,9,17,17,6,4,7,-6,27,33,22,8
Europe,Germany,Bundesliga,2019,Fortuna Dusseldorf,34,Relegation,NaN,30,34,6,12,16,-31,36,67,30,17,17,4,6,7,-10,18,28,18,15,17,2,6,9,-21,18,39,12,18
Europe,Germany,Bundesliga,2019,SC Paderborn 07,34,Relegation,NaN,20,34,4,8,22,-37,37,74,20,18,17,2,2,13,-25,21,46,8,18,17,2,6,9,-12,16,28,12,17
Europe,Germany,Bundesliga,2020,RB Leipzig,4,Promotion,Champions League,10,4,3,1,0,8,10,2,10,1,2,2,0,0,6,7,1,6,3,2,1,1,0,2,3,1,4,5
Europe,Germany,Bundesliga,2020,FC Bayern Munich,4,Promotion,Champions League,9,4,3,0,1,9,17,8,9,2,2,2,0,0,9,12,3,6,1,2,1,0,1,0,5,5,3,8
Europe,Germany,Bundesliga,2020,Borussia Dortmund,4,Promotion,Champions League,9,4,3,0,1,6,8,2,9,3,2,2,0,0,7,7,0,6,2,2,1,0,1,-1,1,2,3,11
Europe,Germany,Bundesliga,2020,Eintracht Frankfurt,4,Promotion,Champions League,8,4,2,2,0,3,7,4,8,4,2,1,1,0,1,3,2,4,4,2,1,1,0,2,4,2,4,3
Europe,Germany,Bundesliga,2020,VfB Stuttgart,4,Promotion,Europa League,7,4,2,1,1,4,9,5,7,5,2,0,1,1,-1,3,4,1,14,2,2,0,0,5,6,1,6,1
Europe,Germany,Bundesliga,2020,FC Augsburg,4,Promotion,Conference League Qualification,7,4,2,1,1,2,5,3,7,6,2,1,0,1,0,2,2,3,7,2,1,1,0,2,3,1,4,5
Europe,Germany,Bundesliga,2020,Werder Bremen,4,same,NaN,7,4,2,1,1,0,6,6,7,7,2,1,0,1,-2,2,4,3,8,2,1,1,0,2,4,2,4,3
Europe,Germany,Bundesliga,2020,TSG 1899 Hoffenheim,4,same,NaN,6,4,2,0,2,2,8,6,6,8,2,1,0,1,2,4,2,3,6,2,1,0,1,0,4,4,3,9
Europe,Germany,Bundesliga,2020,Bayer 04 Leverkusen,4,same,NaN,6,4,1,3,0,1,3,2,6,9,1,0,1,0,0,1,1,1,13,3,1,2,0,1,2,1,5,2
Europe,Germany,Bundesliga,2020,1. FC Union Berlin,4,same,NaN,5,4,1,2,1,2,7,5,5,10,2,1,0,1,2,5,3,3,5,2,0,2,0,0,2,2,2,13
Europe,Germany,Bundesliga,2020,Borussia Monchengladbach,4,same,NaN,5,4,1,2,1,-1,5,6,5,11,2,0,2,0,0,2,2,2,10,2,1,0,1,-1,3,4,3,10
Europe,Germany,Bundesliga,2020,SC Freiburg,4,same,NaN,5,4,1,2,1,-3,5,8,5,12,2,0,2,0,0,2,2,2,10,2,1,0,1,-3,3,6,3,12
Europe,Germany,Bundesliga,2020,VfL Wolfsburg,4,same,NaN,4,4,0,4,0,0,2,2,4,13,2,0,2,0,0,0,0,2,12,2,0,2,0,0,2,2,2,13
Europe,Germany,Bundesliga,2020,DSC Arminia Bielefeld,4,same,NaN,4,4,1,1,2,-3,3,6,4,14,2,1,0,1,-2,2,4,3,8,2,0,1,1,-1,1,2,1,15
Europe,Germany,Bundesliga,2020,Hertha BSC,4,same,NaN,3,4,1,0,3,-2,8,10,3,15,2,0,0,2,-4,1,5,0,17,2,1,0,1,2,7,5,3,7
Europe,Germany,Bundesliga,2020,1. FC Cologne,4,Promotion,Relegation Playoffs,1,4,0,1,3,-4,4,8,1,16,3,0,1,2,-3,4,7,1,16,1,0,0,1,-1,0,1,0,16
Europe,Germany,Bundesliga,2020,FC Schalke 04,4,Relegation,NaN,1,4,0,1,3,-14,2,16,1,17,2,0,1,1,-2,2,4,1,15,2,0,0,2,-12,0,12,0,18
Europe,Germany,Bundesliga,2020,1. FSV Mainz 05,4,Relegation,NaN,0,4,0,0,4,-10,2,12,0,18,2,0,0,2,-4,1,5,0,17,2,0,0,2,-6,1,7,0,17
Europe,Italy,Serie A,2018,Juventus Turin,38,Promotion,Champions League,90,38,28,6,4,40,70,30,90,1,19,15,4,0,26,39,13,49,1,19,13,2,4,14,31,17,41,1
Europe,Italy,Serie A,2018,SSC Napoli,38,Promotion,Champions League,79,38,24,7,7,38,74,36,79,2,19,13,4,2,25,41,16,43,2,19,11,3,5,13,33,20,36,2
Europe,Italy,Serie A,2018,Atalanta Bergamasca Calcio,38,Promotion,Champions League,69,38,20,9,9,31,77,46,69,3,19,10,5,4,17,36,19,35,7,19,10,4,5,14,41,27,34,3
Europe,Italy,Serie A,2018,Inter Milano,38,Promotion,Champions League,69,38,20,9,9,24,57,33,69,4,19,11,5,3,17,27,10,38,6,19,9,4,6,7,30,23,31,4
Europe,Italy,Serie A,2018,AC Milan,38,same,NaN,68,38,19,11,8,19,55,36,68,5,19,12,4,3,14,31,17,40,4,19,7,7,5,5,24,19,28,5
Europe,Italy,Serie A,2018,AS Roma,38,Promotion,Europa League,66,38,18,12,8,18,66,48,66,6,19,12,5,2,17,43,26,41,3,19,6,7,6,1,23,22,25,7
Europe,Italy,Serie A,2018,FC Torino,38,Promotion,Europa League Qualification,63,38,16,15,7,15,52,37,63,7,19,12,2,5,13,32,19,38,5,19,4,13,2,2,20,18,25,8
Europe,Italy,Serie A,2018,SS Lazio Roma,38,Promotion,Europa League,59,38,17,8,13,10,56,46,59,8,19,9,5,5,11,36,25,32,8,19,8,3,8,-1,20,21,27,6
Europe,Italy,Serie A,2018,UC Sampdoria,38,same,NaN,53,38,15,8,15,9,60,51,53,9,19,10,2,7,12,28,16,32,9,19,5,6,8,-3,32,35,21,9
Europe,Italy,Serie A,2018,Bologna FC,38,same,NaN,44,38,11,11,16,-8,48,56,44,10,19,9,4,6,6,28,22,31,10,19,2,7,10,-14,20,34,13,16
Europe,Italy,Serie A,2018,US Sassuolo Calcio,38,same,NaN,43,38,9,16,13,-7,53,60,43,11,19,5,10,4,0,33,33,25,15,19,4,6,9,-7,20,27,18,12
Europe,Italy,Serie A,2018,Udinese Calcio,38,same,NaN,43,38,11,10,17,-14,39,53,43,12,19,8,5,6,0,22,22,29,13,19,3,5,11,-14,17,31,14,15
Europe,Italy,Serie A,2018,Spal 2013,38,same,NaN,42,38,11,9,18,-12,44,56,42,13,19,5,7,7,-6,20,26,22,17,19,6,2,11,-6,24,30,20,10
Europe,Italy,Serie A,2018,Parma Calcio 1913 S.r.l.,38,same,NaN,41,38,10,11,17,-20,41,61,41,14,19,5,7,7,-7,18,25,22,18,19,5,4,10,-13,23,36,19,11
Europe,Italy,Serie A,2018,Cagliari Calcio,38,same,NaN,41,38,10,11,17,-18,36,54,41,15,19,8,6,5,3,23,20,30,12,19,2,5,12,-21,13,34,11,18
Europe,Italy,Serie A,2018,ACF Fiorentina,38,same,NaN,41,38,8,17,13,2,47,45,41,16,19,5,9,5,6,25,19,24,16,19,3,8,8,-4,22,26,17,13
Europe,Italy,Serie A,2018,Genoa CFC,38,same,NaN,38,38,8,14,16,-18,39,57,38,17,19,6,8,5,-1,21,22,26,14,19,2,6,11,-17,18,35,12,17
Europe,Italy,Serie A,2018,FC Empoli,38,Relegation,NaN,38,38,10,8,20,-19,51,70,38,18,19,9,3,7,3,33,30,30,11,19,1,5,13,-22,18,40,8,20
Europe,Italy,Serie A,2018,Frosinone Calcio,38,Relegation,NaN,25,38,5,10,23,-40,29,69,25,19,19,1,6,12,-24,14,38,9,20,19,4,4,11,-16,15,31,16,14
Europe,Italy,Serie A,2018,AC Chievo Verona,38,Relegation,NaN,17,38,2,14,22,-50,25,75,17,20,19,1,7,11,-23,14,37,10,19,19,1,7,11,-27,11,38,10,19
Europe,Italy,Serie A,2019,Juventus Turin,38,Promotion,Champions League,83,38,26,5,7,33,76,43,83,1,19,16,2,1,29,46,17,50,1,19,10,3,6,4,30,26,33,6
Europe,Italy,Serie A,2019,Inter Milano,38,Promotion,Champions League,82,38,24,10,4,45,81,36,82,2,19,11,6,2,23,40,17,39,3,19,13,4,2,22,41,19,43,1
Europe,Italy,Serie A,2019,Atalanta Bergamasca Calcio,38,Promotion,Champions League,78,38,23,9,6,50,98,48,78,3,19,12,2,5,25,51,26,38,4,19,11,7,1,25,47,22,40,2
Europe,Italy,Serie A,2019,SS Lazio Roma,38,Promotion,Champions League,78,38,24,6,8,37,79,42,78,4,19,14,3,2,29,46,17,45,2,19,10,3,6,8,33,25,33,5
Europe,Italy,Serie A,2019,AS Roma,38,Promotion,Europa League,70,38,21,7,10,26,77,51,70,5,19,10,4,5,9,36,27,34,5,19,11,3,5,17,41,24,36,3
Europe,Italy,Serie A,2019,AC Milan,38,Promotion,Europa League Qualification,66,38,19,9,10,17,63,46,66,6,19,9,6,4,11,31,20,33,7,19,10,3,6,6,32,26,33,4
Europe,Italy,Serie A,2019,SSC Napoli,38,Promotion,Europa League,62,38,18,8,12,11,61,50,62,7,19,10,3,6,7,31,24,33,6,19,8,5,6,4,30,26,29,7
Europe,Italy,Serie A,2019,US Sassuolo Calcio,38,same,NaN,51,38,14,9,15,6,69,63,51,8,19,8,3,8,11,44,33,27,9,19,6,6,7,-5,25,30,24,10
Europe,Italy,Serie A,2019,Hellas Verona,38,same,NaN,49,38,12,13,13,-4,47,51,49,9,19,9,5,5,4,29,25,32,8,19,3,8,8,-8,18,26,17,17
Europe,Italy,Serie A,2019,ACF Fiorentina,38,same,NaN,49,38,12,13,13,3,51,48,49,10,19,5,8,6,0,22,22,23,13,19,7,5,7,3,29,26,26,8
Europe,Italy,Serie A,2019,Parma Calcio 1913 S.r.l.,38,same,NaN,49,38,14,7,17,-1,56,57,49,11,19,7,2,10,2,26,24,23,15,19,7,5,7,-3,30,33,26,9
Europe,Italy,Serie A,2019,Bologna FC,38,same,NaN,47,38,12,11,15,-13,52,65,47,12,19,5,8,6,-4,25,29,23,14,19,7,3,9,-9,27,36,24,11
Europe,Italy,Serie A,2019,Udinese Calcio,38,same,NaN,45,38,12,9,17,-14,37,51,45,13,19,6,6,7,-5,18,23,24,12,19,6,3,10,-9,19,28,21,12
Europe,Italy,Serie A,2019,Cagliari Calcio,38,same,NaN,45,38,11,12,15,-4,52,56,45,14,19,7,4,8,4,32,28,25,10,19,4,8,7,-8,20,28,20,14
Europe,Italy,Serie A,2019,UC Sampdoria,38,same,NaN,42,38,12,6,20,-17,48,65,42,15,19,6,4,9,-5,25,30,22,16,19,6,2,11,-12,23,35,20,13
Europe,Italy,Serie A,2019,FC Torino,38,same,NaN,40,38,11,7,20,-22,46,68,40,16,19,7,4,8,-7,23,30,25,11,19,4,3,12,-15,23,38,15,18
Europe,Italy,Serie A,2019,Genoa CFC,38,same,NaN,39,38,10,9,19,-26,47,73,39,17,19,7,1,11,-7,24,31,22,17,19,3,8,8,-19,23,42,17,16
Europe,Italy,Serie A,2019,US Lecce,38,Relegation,NaN,35,38,9,8,21,-33,52,85,35,18,19,4,5,10,-11,30,41,17,18,19,5,3,11,-22,22,44,18,15
Europe,Italy,Serie A,2019,Brescia Calcio,38,Relegation,NaN,25,38,6,7,25,-44,35,79,25,19,19,3,5,11,-13,21,34,14,19,19,3,2,14,-31,14,45,11,19
Europe,Italy,Serie A,2019,Spal 2013,38,Relegation,NaN,20,38,5,5,28,-50,27,77,20,20,19,2,4,13,-24,16,40,10,20,19,3,1,15,-26,11,37,10,20
Europe,Italy,Serie A,2020,AC Milan,4,Promotion,Champions League,12,4,4,0,0,8,9,1,12,1,2,2,0,0,5,5,0,6,4,2,2,0,0,3,4,1,6,2
Europe,Italy,Serie A,2020,US Sassuolo Calcio,4,Promotion,Champions League,10,4,3,1,0,7,13,6,10,2,2,1,1,0,3,5,2,4,6,2,2,0,0,4,8,4,6,1
Europe,Italy,Serie A,2020,Atalanta Bergamasca Calcio,4,Promotion,Champions League,9,4,3,0,1,5,14,9,9,3,1,1,0,0,3,5,2,3,7,3,2,0,1,2,9,7,6,3
Europe,Italy,Serie A,2020,SSC Napoli,4,Promotion,Champions League,8,4,3,0,1,8,12,4,8,4,2,2,0,0,9,10,1,6,2,2,1,0,1,-1,2,3,3,6
Europe,Italy,Serie A,2020,Juventus Turin,4,Promotion,Europa League,8,4,2,2,0,6,9,3,8,5,2,2,0,0,6,6,0,6,3,2,0,2,0,0,3,3,2,12
Europe,Italy,Serie A,2020,Inter Milano,4,Promotion,Conference League Qualification,7,4,2,1,1,3,11,8,7,6,2,1,0,1,0,5,5,3,11,2,1,1,0,3,6,3,4,4
Europe,Italy,Serie A,2020,Hellas Verona,4,same,NaN,7,4,2,1,1,3,4,1,7,7,3,2,1,0,4,4,0,7,1,1,0,0,1,-1,0,1,0,15
Europe,Italy,Serie A,2020,AS Roma,4,same,NaN,7,4,2,1,1,1,8,7,7,8,2,1,1,0,3,7,4,4,5,2,1,0,1,-2,1,3,3,11
Europe,Italy,Serie A,2020,UC Sampdoria,4,same,NaN,6,4,2,0,2,0,7,7,6,9,2,1,0,1,2,5,3,3,10,2,1,0,1,-2,2,4,3,10
Europe,Italy,Serie A,2020,Benevento Calcio,4,same,NaN,6,4,2,0,2,-4,8,12,6,10,2,1,0,1,-2,3,5,3,14,2,1,0,1,-2,5,7,3,9
Europe,Italy,Serie A,2020,Genoa CFC,3,same,NaN,4,3,1,1,1,-3,4,7,4,11,1,1,0,0,3,4,1,3,8,2,0,1,1,-6,0,6,1,14
Europe,Italy,Serie A,2020,ACF Fiorentina,4,same,NaN,4,4,1,1,2,-1,7,8,4,12,2,1,0,1,0,2,2,3,12,2,0,1,1,-1,5,6,1,13
Europe,Italy,Serie A,2020,Cagliari Calcio,4,same,NaN,4,4,1,1,2,-4,6,10,4,13,1,0,0,1,-2,0,2,0,19,3,1,1,1,-2,6,8,4,5
Europe,Italy,Serie A,2020,Spezia Calcio,4,same,NaN,4,4,1,1,2,-4,5,9,4,14,2,0,1,1,-3,3,6,1,17,2,1,0,1,-1,2,3,3,6
Europe,Italy,Serie A,2020,SS Lazio Roma,4,same,NaN,4,4,1,1,2,-4,4,8,4,15,2,0,1,1,-3,2,5,1,18,2,1,0,1,-1,2,3,3,6
Europe,Italy,Serie A,2020,Bologna FC,4,same,NaN,3,4,1,0,3,-1,7,8,3,16,2,1,0,1,2,7,5,3,9,2,0,0,2,-3,0,3,0,18
Europe,Italy,Serie A,2020,Udinese Calcio,4,same,NaN,3,4,1,0,3,-3,3,6,3,17,3,1,0,2,-2,3,5,3,15,1,0,0,1,-1,0,1,0,15
Europe,Italy,Serie A,2020,Parma Calcio 1913 S.r.l.,4,Relegation,NaN,3,4,1,0,3,-5,4,9,3,18,2,1,0,1,-1,1,2,3,13,2,0,0,2,-4,3,7,0,19
Europe,Italy,Serie A,2020,FC Crotone,4,Relegation,NaN,1,4,0,1,3,-8,3,11,1,19,2,0,1,1,-2,1,3,1,16,2,0,0,2,-6,2,8,0,20
Europe,Italy,Serie A,2020,FC Torino,3,Relegation,NaN,0,3,0,0,3,-4,4,8,0,20,2,0,0,2,-3,4,7,0,20,1,0,0,1,-1,0,1,0,15
Europe,Netherlands,Eredivisie,2018,Ajax Amsterdam,34,Promotion,Champions League Qualification,86,34,28,2,4,87,119,32,86,1,17,15,2,0,57,70,13,47,2,17,13,0,4,30,49,19,39,1
Europe,Netherlands,Eredivisie,2018,PSV Eindhoven,34,Promotion,Champions League Qualification,83,34,26,5,3,72,98,26,83,2,17,16,1,0,51,58,7,49,1,17,10,4,3,21,40,19,34,2
Europe,Netherlands,Eredivisie,2018,Feyenoord Rotterdam,34,Promotion,Europa League Qualification,65,34,20,5,9,34,75,41,65,3,17,14,0,3,27,43,16,42,3,17,6,5,6,7,32,25,23,4
Europe,Netherlands,Eredivisie,2018,AZ Alkmaar,34,Promotion,Europa League Qualification,58,34,17,7,10,21,64,43,58,4,17,11,3,3,20,35,15,36,5,17,6,4,7,1,29,28,22,5
Europe,Netherlands,Eredivisie,2018,Vitesse Arnhem,34,Promotion,Playoffs,53,34,14,11,9,19,70,51,53,5,17,10,6,1,20,45,25,36,4,17,4,5,8,-1,25,26,17,11
Europe,Netherlands,Eredivisie,2018,FC Utrecht,34,Promotion,Playoffs,53,34,15,8,11,9,60,51,53,6,17,9,5,3,14,30,16,32,7,17,6,3,8,-5,30,35,21,7
Europe,Netherlands,Eredivisie,2018,Heracles Almelo,34,Promotion,Playoffs,48,34,15,3,16,-7,61,68,48,7,17,11,0,6,10,42,32,33,6,17,4,3,10,-17,19,36,15,13
Europe,Netherlands,Eredivisie,2018,FC Groningen,34,Promotion,Playoffs,45,34,13,6,15,-2,39,41,45,8,17,10,1,6,10,26,16,31,8,17,3,5,9,-12,13,25,14,14
Europe,Netherlands,Eredivisie,2018,ADO Den Haag,34,same,NaN,45,34,12,9,13,-5,58,63,45,9,17,7,4,6,1,33,32,25,10,17,5,5,7,-6,25,31,20,8
Europe,Netherlands,Eredivisie,2018,Willem II Tilburg,34,same,NaN,44,34,13,5,16,-14,58,72,44,10,17,6,2,9,-7,26,33,20,15,17,7,3,7,-7,32,39,24,3
Europe,Netherlands,Eredivisie,2018,SC Heerenveen,34,same,NaN,41,34,10,11,13,-9,64,73,41,11,17,4,7,6,-8,27,35,19,17,17,6,4,7,-1,37,38,22,6
Europe,Netherlands,Eredivisie,2018,VVV Venlo,34,same,NaN,41,34,11,8,15,-16,47,63,41,12,17,7,3,7,0,25,25,24,11,17,4,5,8,-16,22,38,17,12
Europe,Netherlands,Eredivisie,2018,PEC Zwolle,34,same,NaN,39,34,11,6,17,-13,44,57,39,13,17,6,3,8,0,31,31,21,13,17,5,3,9,-13,13,26,18,9
Europe,Netherlands,Eredivisie,2018,FC Emmen,34,same,NaN,38,34,10,8,16,-31,41,72,38,14,17,5,5,7,-8,23,31,20,16,17,5,3,9,-23,18,41,18,10
Europe,Netherlands,Eredivisie,2018,Fortuna Sittard,34,same,NaN,34,34,9,7,18,-30,50,80,34,15,17,7,5,5,4,30,26,26,9,17,2,2,13,-34,20,54,8,16
Europe,Netherlands,Eredivisie,2018,SBV Excelsior,34,Promotion,Relegation Playoffs,33,34,9,6,19,-33,46,79,33,16,17,6,4,7,-9,27,36,22,12,17,3,2,12,-24,19,43,11,15
Europe,Netherlands,Eredivisie,2018,De Graafschap,34,Promotion,Relegation Playoffs,29,34,8,5,21,-37,38,75,29,17,17,6,3,8,-3,25,28,21,14,17,2,2,13,-34,13,47,8,17
Europe,Netherlands,Eredivisie,2018,NAC Breda,34,Relegation,NaN,23,34,5,8,21,-45,29,74,23,18,17,4,6,7,-12,18,30,18,18,17,1,2,14,-33,11,44,5,18
Europe,Netherlands,Eredivisie,2019,Ajax Amsterdam,25,Promotion,Champions League Qualification,56,25,18,2,5,45,68,23,56,1,13,11,0,2,32,40,8,33,1,12,7,2,3,13,28,15,23,2
Europe,Netherlands,Eredivisie,2019,AZ Alkmaar,25,Promotion,Champions League Qualification,56,25,18,2,5,37,54,17,56,2,13,10,1,2,24,32,8,31,2,12,8,1,3,13,22,9,25,1
Europe,Netherlands,Eredivisie,2019,Feyenoord Rotterdam,25,Promotion,Europa League,50,25,14,8,3,15,50,35,50,3,13,9,3,1,14,29,15,30,3,12,5,5,2,1,21,20,20,4
Europe,Netherlands,Eredivisie,2019,PSV Eindhoven,26,Promotion,Europa League Qualification,49,26,14,7,5,26,54,28,49,4,12,8,3,1,20,32,12,27,5,14,6,4,4,6,22,16,22,3
Europe,Netherlands,Eredivisie,2019,Willem II Tilburg,26,Promotion,Europa League Qualification,44,26,13,5,8,3,37,34,44,5,13,7,4,2,8,17,9,25,7,13,6,1,6,-5,20,25,19,5
Europe,Netherlands,Eredivisie,2019,FC Utrecht,25,same,NaN,41,25,12,5,8,16,50,34,41,6,12,8,0,4,18,30,12,24,8,13,4,5,4,-2,20,22,17,7
Europe,Netherlands,Eredivisie,2019,Vitesse Arnhem,26,same,NaN,41,26,12,5,9,10,45,35,41,7,13,7,3,3,9,24,15,24,10,13,5,2,6,1,21,20,17,6
Europe,Netherlands,Eredivisie,2019,Heracles Almelo,26,same,NaN,36,26,10,6,10,6,40,34,36,8,13,8,1,4,14,31,17,25,6,13,2,5,6,-8,9,17,11,10
Europe,Netherlands,Eredivisie,2019,FC Groningen,26,same,NaN,35,26,10,5,11,1,27,26,35,9,13,7,1,5,7,17,10,22,11,13,3,4,6,-6,10,16,13,9
Europe,Netherlands,Eredivisie,2019,SC Heerenveen,26,same,NaN,33,26,8,9,9,0,41,41,33,10,14,3,8,3,-1,17,18,17,15,12,5,1,6,1,24,23,16,8
Europe,Netherlands,Eredivisie,2019,Sparta Rotterdam,26,same,NaN,33,26,9,6,11,-4,41,45,33,11,13,7,3,3,14,30,16,24,9,13,2,3,8,-18,11,29,9,14
Europe,Netherlands,Eredivisie,2019,FC Emmen,26,same,NaN,32,26,9,5,12,-13,32,45,32,12,13,9,2,2,14,26,12,29,4,13,0,3,10,-27,6,33,3,18
Europe,Netherlands,Eredivisie,2019,VVV Venlo,26,same,NaN,28,26,8,4,14,-27,24,51,28,13,13,5,3,5,-7,14,21,18,14,13,3,1,9,-20,10,30,10,11
Europe,Netherlands,Eredivisie,2019,FC Twente Enschede,26,same,NaN,27,26,7,6,13,-12,34,46,27,14,13,5,3,5,1,23,22,18,13,13,2,3,8,-13,11,24,9,12
Europe,Netherlands,Eredivisie,2019,PEC Zwolle,26,same,NaN,26,26,7,5,14,-18,37,55,26,15,12,5,2,5,-2,28,30,17,16,14,2,3,9,-16,9,25,9,13
Europe,Netherlands,Eredivisie,2019,Fortuna Sittard,26,same,NaN,26,26,6,8,12,-23,29,52,26,16,13,6,4,3,5,22,17,22,12,13,0,4,9,-28,7,35,4,17
Europe,Netherlands,Eredivisie,2019,ADO Den Haag,26,same,NaN,19,26,4,7,15,-29,25,54,19,17,13,2,6,5,-6,11,17,12,17,13,2,1,10,-23,14,37,7,15
Europe,Netherlands,Eredivisie,2019,RKC Waalwijk,26,same,NaN,15,26,4,3,19,-33,27,60,15,18,13,3,2,8,-7,13,20,11,18,13,1,1,11,-26,14,40,4,16
Europe,Netherlands,Eredivisie,2020,PSV Eindhoven,5,Promotion,Champions League,13,5,4,1,0,8,11,3,13,1,2,2,0,0,3,4,1,6,4,3,2,1,0,5,7,2,7,1
Europe,Netherlands,Eredivisie,2020,Ajax Amsterdam,5,Promotion,Champions League Qualification,12,5,4,0,1,8,11,3,12,2,3,3,0,0,8,10,2,9,1,2,1,0,1,0,1,1,3,7
Europe,Netherlands,Eredivisie,2020,Vitesse Arnhem,5,Promotion,Conference League Qualification,12,5,4,0,1,7,9,2,12,3,2,2,0,0,5,5,0,6,3,3,2,0,1,2,4,2,6,3
Europe,Netherlands,Eredivisie,2020,Feyenoord Rotterdam,5,Promotion,Qualification Playoffs,11,5,3,2,0,7,12,5,11,4,3,1,2,0,2,6,4,5,6,2,2,0,0,5,6,1,6,2
Europe,Netherlands,Eredivisie,2020,FC Twente Enschede,5,Promotion,Qualification Playoffs,11,5,3,2,0,7,10,3,11,5,3,2,1,0,4,6,2,7,2,2,1,1,0,3,4,1,4,4
Europe,Netherlands,Eredivisie,2020,SC Heerenveen,5,Promotion,Qualification Playoffs,10,5,3,1,1,1,8,7,10,6,2,2,0,0,3,3,0,6,5,3,1,1,1,-2,5,7,4,6
Europe,Netherlands,Eredivisie,2020,FC Groningen,5,Promotion,Qualification Playoffs,7,5,2,1,2,-2,4,6,7,7,3,1,1,1,-1,2,3,4,9,2,1,0,1,-1,2,3,3,8
Europe,Netherlands,Eredivisie,2020,FC Utrecht,4,same,NaN,6,4,1,3,0,2,5,3,6,8,2,1,1,0,2,4,2,4,7,2,0,2,0,0,1,1,2,13
Europe,Netherlands,Eredivisie,2020,VVV Venlo,5,same,NaN,5,5,1,2,2,0,9,9,5,9,2,0,1,1,-1,2,3,1,15,3,1,1,1,1,7,6,4,5
Europe,Netherlands,Eredivisie,2020,PEC Zwolle,5,same,NaN,5,5,1,2,2,-1,6,7,5,10,3,1,0,2,-1,4,5,3,10,2,0,2,0,0,2,2,2,12
Europe,Netherlands,Eredivisie,2020,AZ Alkmaar,4,same,NaN,4,4,0,4,0,0,10,10,4,11,2,0,2,0,0,3,3,2,12,2,0,2,0,0,7,7,2,11
Europe,Netherlands,Eredivisie,2020,Willem II Tilburg,5,same,NaN,4,5,1,1,3,-4,6,10,4,12,3,1,0,2,-2,5,7,3,11,2,0,1,1,-2,1,3,1,15
Europe,Netherlands,Eredivisie,2020,RKC Waalwijk,5,same,NaN,4,5,1,1,3,-5,3,8,4,13,2,0,1,1,-1,1,2,1,16,3,1,0,2,-4,2,6,3,10
Europe,Netherlands,Eredivisie,2020,Heracles Almelo,5,same,NaN,4,5,1,1,3,-6,3,9,4,14,3,1,1,1,1,3,2,4,8,2,0,0,2,-7,0,7,0,18
Europe,Netherlands,Eredivisie,2020,FC Emmen,5,same,NaN,3,5,0,3,2,-3,8,11,3,15,3,0,2,1,-2,6,8,2,13,2,0,1,1,-1,2,3,1,14
Europe,Netherlands,Eredivisie,2020,ADO Den Haag,5,Promotion,Relegation Playoff,3,5,1,0,4,-6,4,10,3,16,2,0,0,2,-3,0,3,0,18,3,1,0,2,-3,4,7,3,9
Europe,Netherlands,Eredivisie,2020,Fortuna Sittard,5,Relegation,NaN,2,5,0,2,3,-6,6,12,2,17,2,0,1,1,-2,4,6,1,17,3,0,1,2,-4,2,6,1,16
Europe,Netherlands,Eredivisie,2020,Sparta Rotterdam,5,Relegation,NaN,2,5,0,2,3,-7,5,12,2,18,2,0,1,1,-1,4,5,1,14,3,0,1,2,-6,1,7,1,17
Europe,Portugal,Primeira Liga,2018,Sl Benfica,34,Promotion,Champions League,87,34,28,3,3,72,103,31,87,1,17,14,2,1,46,63,17,44,2,17,14,1,2,26,40,14,43,1
Europe,Portugal,Primeira Liga,2018,FC Porto,34,Promotion,Champions League Qualification,85,34,27,4,3,54,74,20,85,2,17,15,0,2,32,41,9,45,1,17,12,4,1,22,33,11,40,2
Europe,Portugal,Primeira Liga,2018,Sporting CP,34,Promotion,Europa League,74,34,23,5,6,39,72,33,74,3,17,14,2,1,25,38,13,44,3,17,9,3,5,14,34,20,30,3
Europe,Portugal,Primeira Liga,2018,Sporting Braga,34,Promotion,Europa League Qualification,67,34,21,4,9,19,56,37,67,4,17,13,1,3,17,32,15,40,4,17,8,3,6,2,24,22,27,4
Europe,Portugal,Primeira Liga,2018,Vitoria Guimaraes,34,Promotion,Europa League Qualification,52,34,15,7,12,12,46,34,52,5,17,10,4,3,15,27,12,34,5,17,5,3,9,-3,19,22,18,10
Europe,Portugal,Primeira Liga,2018,Moreirense FC,34,same,NaN,52,34,16,4,14,-5,39,44,52,6,17,8,3,6,-1,18,19,27,8,17,8,1,8,-4,21,25,25,5
Europe,Portugal,Primeira Liga,2018,Rio Ave FC,34,same,NaN,45,34,12,9,13,-2,50,52,45,7,17,5,6,6,-2,26,28,21,12,17,7,3,7,0,24,24,24,6
Europe,Portugal,Primeira Liga,2018,Boavista FC,34,same,NaN,44,34,13,5,16,-6,34,40,44,8,17,10,1,6,7,20,13,31,6,17,3,4,10,-13,14,27,13,13
Europe,Portugal,Primeira Liga,2018,B SAD,34,same,NaN,43,34,10,13,11,-9,42,51,43,9,17,6,5,6,-1,25,26,23,11,17,4,8,5,-8,17,25,20,8
Europe,Portugal,Primeira Liga,2018,CD Santa Clara,34,same,NaN,42,34,11,9,14,-2,43,45,42,10,17,5,5,7,-2,24,26,20,13,17,6,4,7,0,19,19,22,7
Europe,Portugal,Primeira Liga,2018,CS Maritimo Madeira,34,same,NaN,39,34,12,3,19,-18,26,44,39,11,17,8,2,7,0,17,17,26,9,17,4,1,12,-18,9,27,13,14
Europe,Portugal,Primeira Liga,2018,Portimonense SC,34,same,NaN,39,34,11,6,17,-15,44,59,39,12,17,8,4,5,5,29,24,28,7,17,3,2,12,-20,15,35,11,16
Europe,Portugal,Primeira Liga,2018,Vitoria Setubal,34,same,NaN,36,34,8,12,14,-11,28,39,36,13,17,4,6,7,-5,13,18,18,15,17,4,6,7,-6,15,21,18,11
Europe,Portugal,Primeira Liga,2018,CD das Aves,34,same,NaN,36,34,10,6,18,-14,35,49,36,14,17,5,3,9,-3,20,23,18,17,17,5,3,9,-11,15,26,18,9
Europe,Portugal,Primeira Liga,2018,CD Tondela,34,same,NaN,35,34,9,8,17,-14,40,54,35,15,17,7,3,7,-2,22,24,24,10,17,2,5,10,-12,18,30,11,15
Europe,Portugal,Primeira Liga,2018,GD Chaves,34,Relegation,NaN,32,34,8,8,18,-23,34,57,32,16,17,4,6,7,-3,20,23,18,16,17,4,2,11,-20,14,34,14,12
Europe,Portugal,Primeira Liga,2018,CD Nacional,34,Relegation,NaN,28,34,7,7,20,-40,33,73,28,17,17,5,3,9,-10,12,22,18,14,17,2,4,11,-30,21,51,10,17
Europe,Portugal,Primeira Liga,2018,CD Feirense,34,Relegation,NaN,20,34,3,11,20,-37,27,64,20,18,17,2,6,9,-12,19,31,12,18,17,1,5,11,-25,8,33,8,18
Europe,Portugal,Primeira Liga,2019,FC Porto,34,Promotion,Champions League,82,34,26,4,4,52,74,22,82,1,17,15,1,1,37,44,7,46,1,17,11,3,3,15,30,15,36,2
Europe,Portugal,Primeira Liga,2019,Sl Benfica,34,Promotion,Champions League Qualification,77,34,24,5,5,45,71,26,77,2,17,12,2,3,25,38,13,38,2,17,12,3,2,20,33,13,39,1
Europe,Portugal,Primeira Liga,2019,Sporting Braga,34,Promotion,Europa League,60,34,18,6,10,21,61,40,60,3,17,10,4,3,12,32,20,34,4,17,8,2,7,9,29,20,26,5
Europe,Portugal,Primeira Liga,2019,Sporting CP,34,Promotion,Europa League Qualification,60,34,18,6,10,15,49,34,60,4,17,12,1,4,12,25,13,37,3,17,6,5,6,3,24,21,23,6
Europe,Portugal,Primeira Liga,2019,Rio Ave FC,34,Promotion,Europa League Qualification,55,34,15,10,9,12,48,36,55,5,17,6,6,5,4,27,23,24,8,17,9,4,4,8,21,13,31,3
Europe,Portugal,Primeira Liga,2019,FC Famalicao,34,same,NaN,54,34,14,12,8,2,53,51,54,6,17,7,6,4,2,28,26,27,7,17,7,6,4,0,25,25,27,4
Europe,Portugal,Primeira Liga,2019,Vitoria Guimaraes,34,same,NaN,50,34,13,11,10,15,53,38,50,7,17,8,4,5,12,27,15,28,6,17,5,7,5,3,26,23,22,7
Europe,Portugal,Primeira Liga,2019,Moreirense FC,34,same,NaN,43,34,10,13,11,-2,42,44,43,8,17,6,6,5,3,23,20,24,9,17,4,7,6,-5,19,24,19,12
Europe,Portugal,Primeira Liga,2019,CD Santa Clara,34,same,NaN,43,34,11,10,13,-5,36,41,43,9,17,6,4,7,-3,18,21,22,12,17,5,6,6,-2,18,20,21,9
Europe,Portugal,Primeira Liga,2019,Gil Vicente FC,34,same,NaN,43,34,11,10,13,-4,40,44,43,10,17,7,7,3,5,26,21,28,5,17,4,3,10,-9,14,23,15,15
Europe,Portugal,Primeira Liga,2019,CS Maritimo Madeira,34,same,NaN,39,34,9,12,13,-8,34,42,39,11,17,5,8,4,3,24,21,23,10,17,4,4,9,-11,10,21,16,14
Europe,Portugal,Primeira Liga,2019,Boavista FC,34,same,NaN,39,34,10,9,15,-11,28,39,39,12,17,5,4,8,-3,15,18,19,15,17,5,5,7,-8,13,21,20,10
Europe,Portugal,Primeira Liga,2019,FC Pacos Ferreira,34,same,NaN,39,34,11,6,17,-16,36,52,39,13,17,6,2,9,-7,15,22,20,13,17,5,4,8,-9,21,30,19,11
Europe,Portugal,Primeira Liga,2019,CD Tondela,34,same,NaN,36,34,9,9,16,-14,30,44,36,14,17,3,5,9,-10,12,22,14,17,17,6,4,7,-4,18,22,22,8
Europe,Portugal,Primeira Liga,2019,B SAD,34,same,NaN,35,34,9,8,17,-27,27,54,35,15,17,5,4,8,-12,13,25,19,16,17,4,4,9,-15,14,29,16,13
Europe,Portugal,Primeira Liga,2019,Vitoria Setubal,34,same,NaN,34,34,7,13,14,-16,27,43,34,16,17,4,7,6,-5,15,20,19,14,17,3,6,8,-11,12,23,15,16
Europe,Portugal,Primeira Liga,2019,Portimonense SC,34,Relegation,NaN,33,34,7,12,15,-15,30,45,33,17,17,5,7,5,0,18,18,22,11,17,2,5,10,-15,12,27,11,17
Europe,Portugal,Primeira Liga,2019,CD das Aves,34,Relegation,NaN,17,34,5,2,27,-44,24,68,17,18,17,4,1,12,-14,12,26,13,18,17,1,1,15,-30,12,42,4,18
Europe,Portugal,Primeira Liga,2020,Sl Benfica,4,Promotion,Champions League,12,4,4,0,0,10,13,3,12,1,2,2,0,0,3,5,2,6,1,2,2,0,0,7,8,1,6,1
Europe,Portugal,Primeira Liga,2020,FC Porto,4,Promotion,Champions League,7,4,2,1,1,6,12,6,7,2,2,1,0,1,1,5,4,3,5,2,1,1,0,5,7,2,4,5
Europe,Portugal,Primeira Liga,2020,Sporting CP,3,Promotion,Champions League Qualification,7,3,2,1,0,4,6,2,7,3,1,0,1,0,0,2,2,1,14,2,2,0,0,4,4,0,6,2
Europe,Portugal,Primeira Liga,2020,CD Santa Clara,4,Promotion,Conference League Qualification,7,4,2,1,1,2,4,2,7,4,2,1,1,0,2,2,0,4,2,2,1,0,1,0,2,2,3,8
Europe,Portugal,Primeira Liga,2020,Vitoria Guimaraes,4,Promotion,Conference League Qualification,7,4,2,1,1,1,2,1,7,5,2,1,0,1,0,1,1,3,6,2,1,1,0,1,1,0,4,6
Europe,Portugal,Primeira Liga,2020,Sporting Braga,4,same,NaN,6,4,2,0,2,2,7,5,6,6,2,1,0,1,0,2,2,3,8,2,1,0,1,2,5,3,3,9
Europe,Portugal,Primeira Liga,2020,CS Maritimo Madeira,4,same,NaN,6,4,2,0,2,-1,6,7,6,7,2,1,0,1,0,3,3,3,7,2,1,0,1,-1,3,4,3,11
Europe,Portugal,Primeira Liga,2020,FC Famalicao,4,same,NaN,5,4,1,2,1,-3,7,10,5,8,2,0,1,1,-4,2,6,1,12,2,1,1,0,1,5,4,4,3
Europe,Portugal,Primeira Liga,2020,B SAD,4,same,NaN,5,4,1,2,1,0,2,2,5,9,2,0,1,1,-1,1,2,1,16,2,1,1,0,1,1,0,4,4
Europe,Portugal,Primeira Liga,2020,CD Nacional,4,same,NaN,5,4,1,2,1,0,5,5,5,10,2,0,2,0,0,3,3,2,10,2,1,0,1,0,2,2,3,10
Europe,Portugal,Primeira Liga,2020,Moreirense FC,4,same,NaN,5,4,1,2,1,0,3,3,5,11,2,1,1,0,2,3,1,4,3,2,0,1,1,-2,0,2,1,17
Europe,Portugal,Primeira Liga,2020,Gil Vicente FC,3,same,NaN,5,3,1,2,0,1,2,1,5,12,2,1,1,0,1,2,1,4,4,1,0,1,0,0,0,0,1,15
Europe,Portugal,Primeira Liga,2020,FC Pacos Ferreira,4,same,NaN,4,4,1,1,2,-2,3,5,4,13,2,1,0,1,-1,2,3,3,9,2,0,1,1,-1,1,2,1,16
Europe,Portugal,Primeira Liga,2020,Portimonense SC,4,same,NaN,4,4,1,1,2,-2,3,5,4,14,2,0,1,1,-2,1,3,1,17,2,1,0,1,0,2,2,3,7
Europe,Portugal,Primeira Liga,2020,Rio Ave FC,4,same,NaN,3,4,0,3,1,-3,2,5,3,15,2,0,1,1,-3,0,3,1,15,2,0,2,0,0,2,2,2,13
Europe,Portugal,Primeira Liga,2020,CD Tondela,4,Promotion,Relegation Playoffs,2,4,0,2,2,-5,3,8,2,16,2,0,1,1,-4,1,5,1,13,2,0,1,1,-1,2,3,1,14
Europe,Portugal,Primeira Liga,2020,Boavista FC,4,Relegation,NaN,2,4,0,2,2,-6,4,10,2,17,2,0,0,2,-6,0,6,0,18,2,0,2,0,0,4,4,2,12
Europe,Portugal,Primeira Liga,2020,Sporting Farense,4,Relegation,NaN,1,4,0,1,3,-4,5,9,1,18,2,0,1,1,-1,3,4,1,11,2,0,0,2,-3,2,5,0,18
Europe,Russia,Russia Premier League,2018,FC Zenit St Petersburg,30,Promotion,Champions League,64,30,20,4,6,28,57,29,64,1,15,13,1,1,26,39,13,40,1,15,7,3,5,2,18,16,24,5
Europe,Russia,Russia Premier League,2018,FC Lokomotiv Moscow,30,Promotion,Champions League,56,30,16,8,6,17,45,28,56,2,15,9,5,1,13,25,12,32,2,15,7,3,5,4,20,16,24,3
Europe,Russia,Russia Premier League,2018,FC Krasnodar,30,Promotion,Champions League Qualification,56,30,16,8,6,32,55,23,56,3,15,9,3,3,18,29,11,30,3,15,7,5,3,14,26,12,26,1
Europe,Russia,Russia Premier League,2018,CSKA Moscow,30,Promotion,Europa League,51,30,14,9,7,23,46,23,51,4,15,8,3,4,18,31,13,27,5,15,6,6,3,5,15,10,24,4
Europe,Russia,Russia Premier League,2018,FC Spartak Moscow,30,Promotion,Europa League Qualification,49,30,14,7,9,5,36,31,49,5,15,7,3,5,3,19,16,24,9,15,7,4,4,2,17,15,25,2
Europe,Russia,Russia Premier League,2018,FC Arsenal Tula,30,Promotion,Europa League Qualification,46,30,12,10,8,7,40,33,46,6,15,8,5,2,15,27,12,29,4,15,4,5,6,-8,13,21,17,10
Europe,Russia,Russia Premier League,2018,FC Orenburg,30,same,NaN,43,30,12,7,11,5,39,34,43,7,15,7,4,4,6,18,12,25,7,15,5,3,7,-1,21,22,18,8
Europe,Russia,Russia Premier League,2018,Republican FC Akhmat Grozny,30,same,NaN,42,30,11,9,10,-2,28,30,42,8,15,5,7,3,0,15,15,22,10,15,6,2,7,-2,13,15,20,6
Europe,Russia,Russia Premier League,2018,FC Rostov,30,same,NaN,41,30,10,11,9,2,25,23,41,9,15,6,6,3,6,14,8,24,8,15,4,5,6,-4,11,15,17,9
Europe,Russia,Russia Premier League,2018,FC Ural Yekaterinburg,30,same,NaN,38,30,10,8,12,-12,33,45,38,10,15,5,5,5,0,18,18,20,12,15,5,3,7,-12,15,27,18,7
Europe,Russia,Russia Premier League,2018,FC Rubin Kazan,30,same,NaN,36,30,7,15,8,-6,24,30,36,11,15,6,7,2,4,13,9,25,6,15,1,8,6,-10,11,21,11,13
Europe,Russia,Russia Premier League,2018,FC Dinamo Moscow,30,same,NaN,33,30,6,15,9,0,28,28,33,12,15,5,6,4,7,17,10,21,11,15,1,9,5,-7,11,18,12,11
Europe,Russia,Russia Premier League,2018,FC Krylia Sovetov Samara,30,Promotion,Relegation Playoffs,28,30,8,4,18,-21,25,46,28,13,15,5,2,8,-4,11,15,17,13,15,3,2,10,-17,14,31,11,12
Europe,Russia,Russia Premier League,2018,FC Ufa,30,Promotion,Relegation Playoffs,26,30,5,11,14,-10,24,34,26,14,15,5,2,8,-2,15,17,17,14,15,0,9,6,-8,9,17,9,15
Europe,Russia,Russia Premier League,2018,FC Anzhi Makhachkala,30,Relegation,NaN,21,30,5,6,19,-37,13,50,21,15,15,2,4,9,-17,8,25,10,16,15,3,2,10,-20,5,25,11,14
Europe,Russia,Russia Premier League,2018,FK Yenisey Krasnoyarsk,30,Relegation,NaN,20,30,4,8,18,-31,24,55,20,16,15,3,7,5,-7,15,22,16,15,15,1,1,13,-24,9,33,4,16
Europe,Russia,Russia Premier League,2019,FC Zenit St Petersburg,30,Promotion,Champions League,72,30,22,6,2,47,65,18,72,1,15,10,5,0,28,37,9,35,1,15,12,1,2,19,28,9,37,1
Europe,Russia,Russia Premier League,2019,FC Lokomotiv Moscow,30,Promotion,Champions League,57,30,16,9,5,12,41,29,57,2,15,7,5,3,5,19,14,26,4,15,9,4,2,7,22,15,31,2
Europe,Russia,Russia Premier League,2019,FC Krasnodar,30,Promotion,Champions League Qualification,52,30,14,10,6,19,49,30,52,3,15,8,5,2,14,28,14,29,2,15,6,5,4,5,21,16,23,5
Europe,Russia,Russia Premier League,2019,CSKA Moscow,30,Promotion,Europa League Qualification,50,30,14,8,8,14,43,29,50,4,15,7,4,4,3,17,14,25,5,15,7,4,4,11,26,15,25,4
Europe,Russia,Russia Premier League,2019,FC Rostov,30,Promotion,Europa League Qualification,45,30,12,9,9,-5,45,50,45,5,15,8,3,4,6,24,18,27,3,15,4,6,5,-11,21,32,18,8
Europe,Russia,Russia Premier League,2019,FC Dinamo Moscow,30,same,NaN,41,30,11,8,11,-3,27,30,41,6,15,4,4,7,-3,12,15,16,12,15,7,4,4,0,15,15,25,3
Europe,Russia,Russia Premier League,2019,FC Spartak Moscow,30,same,NaN,39,30,11,6,13,2,35,33,39,7,15,4,4,7,-2,14,16,16,11,15,7,2,6,4,21,17,23,6
Europe,Russia,Russia Premier League,2019,FC Arsenal Tula,30,same,NaN,38,30,11,5,14,-4,37,41,38,8,15,4,3,8,-3,21,24,15,13,15,7,2,6,-1,16,17,23,7
Europe,Russia,Russia Premier League,2019,FC Ufa,30,same,NaN,38,30,8,14,8,-2,22,24,38,9,15,5,6,4,2,15,13,21,6,15,3,8,4,-4,7,11,17,10
Europe,Russia,Russia Premier League,2019,FC Rubin Kazan,30,same,NaN,35,30,8,11,11,-10,18,28,35,10,15,5,3,7,-5,8,13,18,9,15,3,8,4,-5,10,15,17,13
Europe,Russia,Russia Premier League,2019,FC Ural Yekaterinburg,30,same,NaN,35,30,9,8,13,-17,36,53,35,11,15,5,2,8,-6,22,28,17,10,15,4,6,5,-11,14,25,18,9
Europe,Russia,Russia Premier League,2019,PFC Sochi,30,same,NaN,33,30,8,9,13,1,40,39,33,12,15,6,3,6,12,28,16,21,7,15,2,6,7,-11,12,23,12,16
Europe,Russia,Russia Premier League,2019,Republican FC Akhmat Grozny,30,same,NaN,31,30,7,10,13,-19,27,46,31,13,15,2,8,5,-8,13,21,14,14,15,5,2,8,-11,14,25,17,11
Europe,Russia,Russia Premier League,2019,FC Tambov,30,same,NaN,31,30,9,4,17,-4,37,41,31,14,15,6,1,8,4,21,17,19,8,15,3,3,9,-8,16,24,12,15
Europe,Russia,Russia Premier League,2019,FC Krylia Sovetov Samara,30,Relegation,NaN,31,30,8,7,15,-7,33,40,31,15,15,3,5,7,-2,16,18,14,15,15,5,2,8,-5,17,22,17,12
Europe,Russia,Russia Premier League,2019,FC Orenburg,30,Relegation,NaN,27,30,7,6,17,-24,28,52,27,16,15,3,4,8,-12,13,25,13,16,15,4,2,9,-12,15,27,14,14
Europe,Russia,Russia Premier League,2020,FC Zenit St Petersburg,11,Promotion,Champions League,24,11,7,3,1,17,24,7,24,1,5,5,0,0,14,18,4,15,1,6,2,3,1,3,6,3,9,6
Europe,Russia,Russia Premier League,2020,FC Spartak Moscow,11,Promotion,Champions League Qualification,24,11,7,3,1,8,19,11,24,2,5,3,2,0,4,9,5,11,5,6,4,1,1,4,10,6,13,2
Europe,Russia,Russia Premier League,2020,CSKA Moscow,11,Promotion,Conference League Qualification,22,11,7,1,3,10,19,9,22,3,5,3,0,2,3,9,6,9,8,6,4,1,1,7,10,3,13,1
Europe,Russia,Russia Premier League,2020,FC Lokomotiv Moscow,11,Promotion,Conference League Qualification,21,11,6,3,2,5,12,7,21,4,6,4,1,1,3,7,4,13,3,5,2,2,1,2,5,3,8,8
Europe,Russia,Russia Premier League,2020,FC Rostov,11,same,NaN,20,11,6,2,3,4,15,11,20,5,5,3,1,1,5,7,2,10,7,6,3,1,2,-1,8,9,10,4
Europe,Russia,Russia Premier League,2020,PFC Sochi,11,same,NaN,19,11,5,4,2,3,18,15,19,6,5,2,3,0,3,9,6,9,9,6,3,1,2,0,9,9,10,3
Europe,Russia,Russia Premier League,2020,FC Krasnodar,11,same,NaN,18,11,5,3,3,11,21,10,18,7,5,3,2,0,9,14,5,11,4,6,2,1,3,2,7,5,7,9
Europe,Russia,Russia Premier League,2020,FC Dinamo Moscow,11,same,NaN,17,11,5,2,4,2,10,8,17,8,6,4,1,1,5,6,1,13,2,5,1,1,3,-3,4,7,4,11
Europe,Russia,Russia Premier League,2020,FC Rubin Kazan,11,same,NaN,15,11,4,3,4,0,16,16,15,9,6,1,3,2,-1,7,8,6,12,5,3,0,2,1,9,8,9,5
Europe,Russia,Russia Premier League,2020,Republican FC Akhmat Grozny,11,same,NaN,14,11,4,2,5,-4,11,15,14,10,4,2,0,2,0,5,5,6,13,7,2,2,3,-4,6,10,8,7
Europe,Russia,Russia Premier League,2020,FC Arsenal Tula,11,same,NaN,12,11,3,3,5,-3,14,17,12,11,7,3,2,2,2,11,9,11,6,4,0,1,3,-5,3,8,1,16
Europe,Russia,Russia Premier League,2020,FC Tambov,11,same,NaN,11,11,3,2,6,-4,10,14,11,12,6,2,1,3,-1,4,5,7,11,5,1,1,3,-3,6,9,4,10
Europe,Russia,Russia Premier League,2020,FC Ural Yekaterinburg,11,Promotion,Relegation Playoff,10,11,2,4,5,-5,7,12,10,13,6,2,2,2,-1,6,7,8,10,5,0,2,3,-4,1,5,2,14
Europe,Russia,Russia Premier League,2020,FC Khimki,11,Promotion,Relegation Playoff,6,11,1,3,7,-12,11,23,6,14,5,1,1,3,-3,5,8,4,14,6,0,2,4,-9,6,15,2,15
Europe,Russia,Russia Premier League,2020,FC Ufa,11,Relegation,NaN,6,11,1,3,7,-16,5,21,6,15,6,0,3,3,-5,2,7,3,15,5,1,0,4,-11,3,14,3,13
Europe,Russia,Russia Premier League,2020,FC Rotor Volgograd,11,Relegation,NaN,3,11,0,3,8,-16,4,20,3,16,6,0,0,6,-11,2,13,0,16,5,0,3,2,-5,2,7,3,12
Europe,Scotland,Premiership,2018,Celtic Glasgow,38,Promotion,Champions League Qualification,87,38,27,6,5,57,77,20,87,1,19,17,2,0,39,46,7,53,1,19,10,4,5,18,31,13,34,2
Europe,Scotland,Premiership,2018,Rangers FC,38,Promotion,Europa League Qualification,78,38,23,9,6,55,82,27,78,2,19,14,4,1,38,45,7,46,2,19,9,5,5,17,37,20,32,3
Europe,Scotland,Premiership,2018,Kilmarnock FC,38,Promotion,Europa League Qualification,67,38,19,10,9,19,50,31,67,3,19,12,2,5,18,32,14,38,3,19,7,8,4,1,18,17,29,4
Europe,Scotland,Premiership,2018,Aberdeen FC,38,Promotion,Europa League Qualification,67,38,20,7,11,13,57,44,67,4,19,9,4,6,6,33,27,31,6,19,11,3,5,7,24,17,36,1
Europe,Scotland,Premiership,2018,Hibernian FC,38,same,NaN,54,38,14,12,12,12,51,39,54,5,19,6,9,4,12,28,16,27,9,19,8,3,8,0,23,23,27,5
Europe,Scotland,Premiership,2018,Heart of Midlothian,38,same,NaN,51,38,15,6,17,-8,42,50,51,6,19,8,4,7,4,22,18,28,8,19,7,2,10,-12,20,32,23,6
Europe,Scotland,Premiership,2018,St Johnstone FC,38,same,NaN,52,38,15,7,16,-10,38,48,52,7,19,8,5,6,2,23,21,29,7,19,7,2,10,-12,15,27,23,7
Europe,Scotland,Premiership,2018,Motherwell FC,38,same,NaN,51,38,15,6,17,-10,46,56,51,8,19,9,4,6,9,29,20,31,5,19,6,2,11,-19,17,36,20,8
Europe,Scotland,Premiership,2018,Livingston FC,38,same,NaN,44,38,11,11,16,-2,42,44,44,9,19,10,2,7,11,28,17,32,4,19,1,9,9,-13,14,27,12,12
Europe,Scotland,Premiership,2018,Hamilton Academical FC,38,same,NaN,33,38,9,6,23,-47,28,75,33,10,19,5,5,9,-14,20,34,20,10,19,4,1,14,-33,8,41,13,11
Europe,Scotland,Premiership,2018,St Mirren FC,38,Promotion,Relegation Playoffs,32,38,8,8,22,-32,34,66,32,11,19,5,2,12,-11,15,26,17,11,19,3,6,10,-21,19,40,15,9
Europe,Scotland,Premiership,2018,FC Dundee,38,Relegation,NaN,21,38,5,6,27,-47,31,78,21,12,19,1,4,14,-22,14,36,7,12,19,4,2,13,-25,17,42,14,10
Europe,Scotland,Premiership,2019,Celtic Glasgow,30,Promotion,Champions League Qualification,80,30,26,2,2,70,89,19,80,1,15,14,0,1,43,50,7,42,1,15,12,2,1,27,39,12,38,1
Europe,Scotland,Premiership,2019,Rangers FC,29,Promotion,Europa League Qualification,67,29,21,4,4,45,64,19,67,2,14,11,1,2,26,33,7,34,2,15,10,3,2,19,31,12,33,2
Europe,Scotland,Premiership,2019,Motherwell FC,30,Promotion,Europa League Qualification,46,30,14,4,12,3,41,38,46,3,15,7,1,7,0,23,23,22,3,15,7,3,5,3,18,15,24,3
Europe,Scotland,Premiership,2019,Aberdeen FC,30,same,NaN,45,30,12,9,9,4,40,36,45,4,15,7,3,5,4,23,19,24,4,15,5,6,4,0,17,17,21,4
Europe,Scotland,Premiership,2019,Livingston FC,30,same,NaN,39,30,10,9,11,2,41,39,39,5,14,8,4,2,11,19,8,28,5,16,2,5,9,-9,22,31,11,5
Europe,Scotland,Premiership,2019,St Johnstone FC,29,same,NaN,36,29,8,12,9,-18,28,46,36,6,16,5,6,5,-7,19,26,21,6,13,3,6,4,-11,9,20,15,6
Europe,Scotland,Premiership,2019,Hibernian FC,30,same,NaN,37,30,9,10,11,-7,42,49,37,7,15,5,7,3,4,26,22,22,7,15,4,3,8,-11,16,27,15,7
Europe,Scotland,Premiership,2019,Kilmarnock FC,30,same,NaN,33,30,9,6,15,-10,31,41,33,8,15,6,5,4,5,20,15,23,8,15,3,1,11,-15,11,26,10,8
Europe,Scotland,Premiership,2019,St Mirren FC,30,same,NaN,29,30,7,8,15,-17,24,41,29,9,15,5,6,4,0,13,13,21,9,15,2,2,11,-17,11,28,8,9
Europe,Scotland,Premiership,2019,Ross County FC,30,same,NaN,29,30,7,8,15,-31,29,60,29,10,14,5,3,6,-6,17,23,18,10,16,2,5,9,-25,12,37,11,10
Europe,Scotland,Premiership,2019,Hamilton Academical FC,30,same,NaN,27,30,6,9,15,-20,30,50,27,11,16,4,3,9,-10,16,26,15,11,14,2,6,6,-10,14,24,12,11
Europe,Scotland,Premiership,2019,Heart of Midlothian,30,Relegation,NaN,23,30,4,11,15,-21,31,52,23,12,15,2,7,6,-4,19,23,13,12,15,2,4,9,-17,12,29,10,12
Europe,Scotland,Premiership,2020,Rangers FC,11,Promotion,Championship round,29,11,9,2,0,23,26,3,29,1,5,5,0,0,14,14,0,15,1,6,4,2,0,9,12,3,14,1
Europe,Scotland,Premiership,2020,Celtic Glasgow,10,Promotion,Championship round,25,10,8,1,1,18,25,7,25,2,5,4,0,1,9,14,5,12,2,5,4,1,0,9,11,2,13,2
Europe,Scotland,Premiership,2020,Aberdeen FC,10,Promotion,Championship round,22,10,7,1,2,6,14,8,22,3,6,4,0,2,1,9,8,12,3,4,3,1,0,5,5,0,10,4
Europe,Scotland,Premiership,2020,Hibernian FC,11,Promotion,Championship round,21,11,6,3,2,6,16,10,21,4,5,2,2,1,1,7,6,8,4,6,4,1,1,5,9,4,13,3
Europe,Scotland,Premiership,2020,Kilmarnock FC,10,Promotion,Championship round,14,10,4,2,4,3,15,12,14,5,4,2,1,1,4,8,4,7,5,6,2,1,3,-1,7,8,7,5
Europe,Scotland,Premiership,2020,Dundee United,11,Promotion,Championship round,12,11,3,3,5,-8,8,16,12,6,6,1,2,3,-2,4,6,5,7,5,2,1,2,-6,4,10,7,8
Europe,Scotland,Premiership,2020,Ross County FC,11,Relegation,NaN,12,11,3,3,5,-9,7,16,12,7,6,1,2,3,-8,4,12,5,8,5,2,1,2,-1,3,4,7,6
Europe,Scotland,Premiership,2020,Livingston FC,11,Relegation,NaN,11,11,3,2,6,-5,13,18,11,8,6,2,1,3,-3,6,9,7,6,5,1,1,3,-2,7,9,4,11
Europe,Scotland,Premiership,2020,St Johnstone FC,11,Relegation,NaN,10,11,3,1,7,-7,9,16,10,9,5,1,0,4,-4,1,5,3,11,6,2,1,3,-3,8,11,7,7
Europe,Scotland,Premiership,2020,Motherwell FC,9,Relegation,NaN,8,9,2,2,5,-6,7,13,8,10,5,1,1,3,-5,4,9,4,10,4,1,1,2,-1,3,4,4,10
Europe,Scotland,Premiership,2020,St Mirren FC,10,Relegation,NaN,7,10,2,1,7,-9,6,15,7,11,5,1,1,3,-4,3,7,4,9,5,1,0,4,-5,3,8,3,12
Europe,Scotland,Premiership,2020,Hamilton Academical FC,11,Relegation,NaN,7,11,2,1,8,-12,13,25,7,12,5,0,1,4,-6,4,10,1,12,6,2,0,4,-6,9,15,6,9
Europe,Spain,LaLiga,2018,FC Barcelona,38,Promotion,Champions League,87,38,26,9,3,54,90,36,87,1,19,15,3,1,34,51,17,48,1,19,11,6,2,20,39,19,39,1
Europe,Spain,LaLiga,2018,Atletico Madrid,38,Promotion,Champions League,76,38,22,10,6,26,55,29,76,2,19,15,3,1,22,32,10,48,2,19,7,7,5,4,23,19,28,4
Europe,Spain,LaLiga,2018,Real Madrid,38,Promotion,Champions League,68,38,21,5,12,17,63,46,68,3,19,13,1,5,17,32,15,40,3,19,8,4,7,0,31,31,28,3
Europe,Spain,LaLiga,2018,CF Valencia,38,Promotion,Champions League,61,38,15,16,7,16,51,35,61,4,19,7,10,2,12,24,12,31,9,19,8,6,5,4,27,23,30,2
Europe,Spain,LaLiga,2018,CF Getafe,38,Promotion,Europa League,59,38,15,14,9,13,48,35,59,5,19,11,3,5,15,28,13,36,5,19,4,11,4,-2,20,22,23,5
Europe,Spain,LaLiga,2018,FC Sevilla,38,Promotion,Europa League,59,38,17,8,13,15,62,47,59,6,19,12,3,4,19,39,20,39,4,19,5,5,9,-4,23,27,20,12
Europe,Spain,LaLiga,2018,RCD Espanyol Barcelona,38,Promotion,Europa League Qualification,53,38,14,11,13,-2,48,50,53,7,19,11,3,5,6,28,22,36,6,19,3,8,8,-8,20,28,17,15
Europe,Spain,LaLiga,2018,Athletic Bilbao,38,same,NaN,53,38,13,14,11,-4,41,45,53,8,19,9,8,2,7,26,19,35,7,19,4,6,9,-11,15,26,18,14
Europe,Spain,LaLiga,2018,Real Sociedad,38,same,NaN,50,38,13,11,14,-1,45,46,50,9,19,7,6,6,3,23,20,27,14,19,6,5,8,-4,22,26,23,6
Europe,Spain,LaLiga,2018,Real Betis Balompie,38,same,NaN,50,38,14,8,16,-8,44,52,50,10,19,8,5,6,-1,25,26,29,11,19,6,3,10,-7,19,26,21,10
Europe,Spain,LaLiga,2018,Deportivo Alaves Sad,38,same,NaN,50,38,13,11,14,-11,39,50,50,11,19,7,8,4,0,19,19,29,12,19,6,3,10,-11,20,31,21,9
Europe,Spain,LaLiga,2018,SD Eibar,38,same,NaN,47,38,11,14,13,-4,46,50,47,12,19,9,6,4,10,31,21,33,8,19,2,8,9,-14,15,29,14,17
Europe,Spain,LaLiga,2018,CD Leganes,38,same,NaN,45,38,11,12,15,-6,37,43,45,13,19,7,8,4,3,19,16,29,10,19,4,4,11,-9,18,27,16,16
Europe,Spain,LaLiga,2018,CF Villarreal,38,same,NaN,44,38,10,14,14,-3,49,52,44,14,19,5,8,6,2,28,26,23,16,19,5,6,8,-5,21,26,21,11
Europe,Spain,LaLiga,2018,UD Levante,38,same,NaN,44,38,11,11,16,-7,59,66,44,15,19,6,7,6,0,34,34,25,15,19,5,4,10,-7,25,32,19,13
Europe,Spain,LaLiga,2018,Real Valladolid,38,same,NaN,41,38,10,11,17,-19,32,51,41,16,19,5,5,9,-10,16,26,20,19,19,5,6,8,-9,16,25,21,8
Europe,Spain,LaLiga,2018,RC Celta de Vigo,38,same,NaN,41,38,10,11,17,-9,53,62,41,17,19,8,5,6,6,31,25,29,13,19,2,6,11,-15,22,37,12,18
Europe,Spain,LaLiga,2018,Girona FC,38,Relegation,NaN,37,38,9,10,19,-16,37,53,37,18,19,3,6,10,-11,17,28,15,20,19,6,4,9,-5,20,25,22,7
Europe,Spain,LaLiga,2018,SD Huesca,38,Relegation,NaN,33,38,7,12,19,-22,43,65,33,19,19,5,6,8,-6,24,30,21,18,19,2,6,11,-16,19,35,12,19
Europe,Spain,LaLiga,2018,Rayo Vallecano,38,Relegation,NaN,32,38,8,8,22,-29,41,70,32,20,19,5,6,8,-7,25,32,21,17,19,3,2,14,-22,16,38,11,20
Europe,Spain,LaLiga,2019,Real Madrid,38,Promotion,Champions League,87,38,26,9,3,45,70,25,87,1,19,15,4,0,29,40,11,49,2,19,11,5,3,16,30,14,38,1
Europe,Spain,LaLiga,2019,FC Barcelona,38,Promotion,Champions League,82,38,25,7,6,48,86,38,82,2,19,16,2,1,36,52,16,50,1,19,9,5,5,12,34,22,32,3
Europe,Spain,LaLiga,2019,Atletico Madrid,38,Promotion,Champions League,70,38,18,16,4,24,51,27,70,3,19,12,6,1,17,28,11,42,3,19,6,10,3,7,23,16,28,4
Europe,Spain,LaLiga,2019,FC Sevilla,38,Promotion,Champions League,70,38,19,13,6,20,54,34,70,4,19,10,7,2,12,26,14,37,5,19,9,6,4,8,28,20,33,2
Europe,Spain,LaLiga,2019,CF Villarreal,38,Promotion,Europa League,60,38,18,6,14,14,63,49,60,5,19,9,5,5,12,37,25,32,7,19,9,1,9,2,26,24,28,5
Europe,Spain,LaLiga,2019,Real Sociedad,38,Promotion,Europa League,56,38,16,8,14,8,56,48,56,6,19,9,4,6,13,33,20,31,10,19,7,4,8,-5,23,28,25,6
Europe,Spain,LaLiga,2019,Granada CF,38,Promotion,Europa League Qualification,56,38,16,8,14,7,52,45,56,7,19,10,3,6,10,26,16,33,6,19,6,5,8,-3,26,29,23,9
Europe,Spain,LaLiga,2019,CF Getafe,38,same,NaN,54,38,14,12,12,6,43,37,54,8,19,8,6,5,5,25,20,30,12,19,6,6,7,1,18,17,24,7
Europe,Spain,LaLiga,2019,CF Valencia,38,same,NaN,53,38,14,11,13,-7,46,53,53,9,19,11,7,1,13,29,16,40,4,19,3,4,12,-20,17,37,13,16
Europe,Spain,LaLiga,2019,CA Osasuna,38,same,NaN,52,38,13,13,12,-8,46,54,52,10,19,7,7,5,-3,26,29,28,13,19,6,6,7,-5,20,25,24,8
Europe,Spain,LaLiga,2019,Athletic Bilbao,38,same,NaN,51,38,13,12,13,3,41,38,51,11,19,9,4,6,7,21,14,31,11,19,4,8,7,-4,20,24,20,10
Europe,Spain,LaLiga,2019,UD Levante,38,same,NaN,49,38,14,7,17,-6,47,53,49,12,19,9,5,5,8,27,19,32,8,19,5,2,12,-14,20,34,17,11
Europe,Spain,LaLiga,2019,Real Valladolid,38,same,NaN,42,38,9,15,14,-11,32,43,42,13,19,5,10,4,3,18,15,25,17,19,4,5,10,-14,14,28,17,12
Europe,Spain,LaLiga,2019,SD Eibar,38,same,NaN,42,38,11,9,18,-17,39,56,42,14,19,8,3,8,0,25,25,27,16,19,3,6,10,-17,14,31,15,14
Europe,Spain,LaLiga,2019,Real Betis Balompie,38,same,NaN,41,38,10,11,17,-12,48,60,41,15,19,9,4,6,7,34,27,31,9,19,1,7,11,-19,14,33,10,19
Europe,Spain,LaLiga,2019,Deportivo Alaves Sad,38,same,NaN,39,38,10,9,19,-25,34,59,39,16,19,7,6,6,1,20,19,27,14,19,3,3,13,-26,14,40,12,18
Europe,Spain,LaLiga,2019,RC Celta de Vigo,38,same,NaN,37,38,7,16,15,-12,37,49,37,17,19,5,8,6,2,22,20,23,18,19,2,8,9,-14,15,29,14,15
Europe,Spain,LaLiga,2019,CD Leganes,38,Relegation,NaN,36,38,8,12,18,-21,30,51,36,18,19,5,5,9,-9,17,26,20,19,19,3,7,9,-12,13,25,16,13
Europe,Spain,LaLiga,2019,RCD Mallorca,38,Relegation,NaN,33,38,9,6,23,-25,40,65,33,19,19,8,3,8,3,25,22,27,15,19,1,3,15,-28,15,43,6,20
Europe,Spain,LaLiga,2019,RCD Espanyol Barcelona,38,Relegation,NaN,25,38,5,10,23,-31,27,58,25,20,19,2,6,11,-16,15,31,12,20,19,3,4,12,-15,12,27,13,17
Europe,Spain,LaLiga,2020,Real Sociedad,6,Promotion,Champions League,11,6,3,2,1,8,10,2,11,1,3,1,1,1,2,3,1,4,6,3,2,1,0,6,7,1,7,2
Europe,Spain,LaLiga,2020,CF Villarreal,6,Promotion,Champions League,11,6,3,2,1,0,8,8,11,2,4,3,1,0,4,8,4,10,1,2,0,1,1,-4,0,4,1,18
Europe,Spain,LaLiga,2020,Real Madrid,5,Promotion,Champions League,10,5,3,1,1,3,6,3,10,3,2,1,0,1,0,1,1,3,12,3,2,1,0,3,5,2,7,3
Europe,Spain,LaLiga,2020,CF Getafe,5,Promotion,Champions League,10,5,3,1,1,2,5,3,10,4,3,3,0,0,5,5,0,9,2,2,0,1,1,-3,0,3,1,17
Europe,Spain,LaLiga,2020,Cadiz CF,6,Promotion,Europa League,10,6,3,1,2,0,6,6,10,5,3,0,1,2,-4,2,6,1,19,3,3,0,0,4,4,0,9,1
Europe,Spain,LaLiga,2020,Granada CF,5,Promotion,Conference League Qualification,10,5,3,1,1,-1,7,8,10,6,3,3,0,0,4,5,1,9,3,2,0,1,1,-5,2,7,1,19
Europe,Spain,LaLiga,2020,Real Betis Balompie,6,same,NaN,9,6,3,0,3,-2,7,9,9,7,3,1,0,2,-2,4,6,3,13,3,2,0,1,0,3,3,6,5
Europe,Spain,LaLiga,2020,Atletico Madrid,4,same,NaN,8,4,2,2,0,7,8,1,8,8,2,1,1,0,5,6,1,4,4,2,1,1,0,2,2,0,4,6
Europe,Spain,LaLiga,2020,FC Barcelona,4,same,NaN,7,4,2,1,1,6,8,2,7,9,2,1,1,0,4,5,1,4,5,2,1,0,1,2,3,1,3,9
Europe,Spain,LaLiga,2020,FC Sevilla,4,same,NaN,7,4,2,1,1,2,5,3,7,10,1,1,0,0,1,1,0,3,10,3,1,1,1,1,4,3,4,7
Europe,Spain,LaLiga,2020,CA Osasuna,5,same,NaN,7,5,2,1,2,1,5,4,7,11,2,1,0,1,0,3,3,3,11,3,1,1,1,1,2,1,4,8
Europe,Spain,LaLiga,2020,Elche CF,4,same,NaN,7,4,2,1,1,0,3,3,7,12,2,0,1,1,-3,0,3,1,18,2,2,0,0,3,3,0,6,4
Europe,Spain,LaLiga,2020,CF Valencia,6,same,NaN,7,6,2,1,3,-1,8,9,7,13,3,1,1,1,0,5,5,4,7,3,1,0,2,-1,3,4,3,12
Europe,Spain,LaLiga,2020,Athletic Bilbao,5,same,NaN,6,5,2,0,3,-1,4,5,6,14,2,1,0,1,1,2,1,3,9,3,1,0,2,-2,2,4,3,13
Europe,Spain,LaLiga,2020,SD Eibar,6,same,NaN,5,6,1,2,3,-2,4,6,5,15,4,0,2,2,-2,1,3,2,17,2,1,0,1,0,3,3,3,10
Europe,Spain,LaLiga,2020,SD Huesca,6,same,NaN,5,6,0,5,1,-2,4,6,5,15,3,0,2,1,-2,2,4,2,16,3,0,3,0,0,2,2,3,11
Europe,Spain,LaLiga,2020,RC Celta de Vigo,6,same,NaN,5,6,1,2,3,-6,3,9,5,17,3,1,0,2,-4,2,6,3,14,3,0,2,1,-2,1,3,2,15
Europe,Spain,LaLiga,2020,Deportivo Alaves Sad,6,Relegation,NaN,4,6,1,1,4,-5,3,8,4,18,4,1,1,2,-2,1,3,4,8,2,0,0,2,-3,2,5,0,20
Europe,Spain,LaLiga,2020,Real Valladolid,6,Relegation,NaN,3,6,0,3,3,-4,5,9,3,19,3,0,2,1,-1,3,4,2,15,3,0,1,2,-3,2,5,1,16
Europe,Spain,LaLiga,2020,UD Levante,5,Relegation,NaN,3,5,1,0,4,-5,5,10,3,20,1,0,0,1,-2,0,2,0,20,4,1,0,3,-3,5,8,3,14
Europe,Sweden,Allsvenskan,2019,Djurgardens IF,30,Promotion,Champions League Qualification,66,30,20,6,4,34,53,19,66,1,15,10,3,2,19,29,10,33,5,15,10,3,2,15,24,9,33,1
Europe,Sweden,Allsvenskan,2019,Malmo FF,30,Promotion,Europa League Qualification,65,30,19,8,3,40,56,16,65,2,15,12,2,1,27,34,7,38,2,15,7,6,2,13,22,9,27,2
Europe,Sweden,Allsvenskan,2019,Hammarby IF,30,Promotion,Europa League Qualification,65,30,20,5,5,37,75,38,65,3,15,13,2,0,34,49,15,41,1,15,7,3,5,3,26,23,24,5
Europe,Sweden,Allsvenskan,2019,AIK,30,same,NaN,62,30,19,5,6,23,47,24,62,4,15,11,2,2,14,21,7,35,3,15,8,3,4,9,26,17,27,3
Europe,Sweden,Allsvenskan,2019,IFK Norrkoping,30,same,NaN,57,30,16,9,5,28,54,26,57,5,15,10,3,2,22,32,10,33,4,15,6,6,3,6,22,16,24,4
Europe,Sweden,Allsvenskan,2019,BK Hacken,30,same,NaN,49,30,14,7,9,15,44,29,49,6,15,8,2,5,12,25,13,26,8,15,6,5,4,3,19,16,23,6
Europe,Sweden,Allsvenskan,2019,IFK Goteborg,30,Promotion,Europa League Qualification,48,30,13,9,8,15,46,31,48,7,15,8,5,2,19,26,7,29,6,15,5,4,6,-4,20,24,19,7
Europe,Sweden,Allsvenskan,2019,IF Elfsborg,30,same,NaN,43,30,11,10,9,-1,44,45,43,8,15,7,6,2,11,24,13,27,7,15,4,4,7,-12,20,32,16,9
Europe,Sweden,Allsvenskan,2019,Orebro SK,30,same,NaN,33,30,9,6,15,-16,40,56,33,9,15,4,4,7,-5,20,25,16,12,15,5,2,8,-11,20,31,17,8
Europe,Sweden,Allsvenskan,2019,Helsingborgs IF,30,same,NaN,30,30,8,6,16,-20,29,49,30,10,15,6,3,6,-1,19,20,21,9,15,2,3,10,-19,10,29,9,12
Europe,Sweden,Allsvenskan,2019,IK Sirius FK,30,same,NaN,29,30,8,5,17,-17,34,51,29,11,15,5,1,9,-7,23,30,16,13,15,3,4,8,-10,11,21,13,10
Europe,Sweden,Allsvenskan,2019,Ostersunds FK,30,same,NaN,25,30,5,10,15,-25,27,52,25,12,15,4,5,6,-1,19,20,17,11,15,1,5,9,-24,8,32,8,13
Europe,Sweden,Allsvenskan,2019,Falkenbergs FF,30,same,NaN,25,30,6,7,17,-37,25,62,25,13,15,5,4,6,-9,11,20,19,10,15,1,3,11,-28,14,42,6,15
Europe,Sweden,Allsvenskan,2019,Kalmar FF,30,Promotion,Relegation Playoffs,23,30,4,11,15,-25,22,47,23,14,15,1,8,6,-11,12,23,11,16,15,3,3,9,-14,10,24,12,11
Europe,Sweden,Allsvenskan,2019,GIF Sundsvall,30,Relegation,NaN,20,30,4,8,18,-19,31,50,20,15,15,3,4,8,-6,21,27,13,15,15,1,4,10,-13,10,23,7,14
Europe,Sweden,Allsvenskan,2019,AFC Eskilstuna,30,Relegation,NaN,20,30,4,8,18,-32,23,55,20,16,15,3,6,6,-8,15,23,15,14,15,1,2,12,-24,8,32,5,16
Europe,Sweden,Allsvenskan,2020,Malmo FF,24,Promotion,Champions League Qualification,47,24,13,8,3,24,48,24,47,1,12,8,4,0,15,23,8,28,1,12,5,4,3,9,25,16,19,4
Europe,Sweden,Allsvenskan,2020,IFK Norrkoping,24,Promotion,Conference League Qualification,39,24,11,6,7,14,49,35,39,2,12,5,4,3,7,19,12,19,5,12,6,2,4,7,30,23,20,2
Europe,Sweden,Allsvenskan,2020,BK Hacken,23,Promotion,Conference League Qualification,39,23,10,9,4,14,36,22,39,3,11,7,3,1,17,23,6,24,2,12,3,6,3,-3,13,16,15,8
Europe,Sweden,Allsvenskan,2020,IF Elfsborg,24,same,NaN,39,24,9,12,3,7,39,32,39,4,12,4,7,1,5,21,16,19,7,12,5,5,2,2,18,16,20,3
Europe,Sweden,Allsvenskan,2020,Djurgardens IF,23,same,NaN,36,23,10,6,7,8,35,27,36,5,12,5,4,3,7,22,15,19,4,11,5,2,4,1,13,12,17,6
Europe,Sweden,Allsvenskan,2020,Hammarby IF,24,same,NaN,36,24,9,9,6,3,38,35,36,6,12,4,7,1,6,20,14,19,6,12,5,2,5,-3,18,21,17,7
Europe,Sweden,Allsvenskan,2020,IK Sirius FK,23,same,NaN,35,23,9,8,6,3,40,37,35,7,11,5,3,3,2,25,23,18,9,12,4,5,3,1,15,14,17,5
Europe,Sweden,Allsvenskan,2020,Ostersunds FK,24,same,NaN,33,24,8,9,7,-1,25,26,33,8,12,2,4,6,-5,11,16,10,13,12,6,5,1,4,14,10,23,1
Europe,Sweden,Allsvenskan,2020,Mjallby AIF,24,same,NaN,31,24,8,7,9,-4,35,39,31,9,12,5,4,3,0,20,20,19,8,12,3,3,6,-4,15,19,12,11
Europe,Sweden,Allsvenskan,2020,AIK,23,same,NaN,30,23,8,6,9,-2,24,26,30,10,12,5,2,5,2,14,12,17,10,11,3,4,4,-4,10,14,13,10
Europe,Sweden,Allsvenskan,2020,Orebro SK,24,same,NaN,30,24,8,6,10,-5,29,34,30,11,12,6,3,3,1,18,17,21,3,12,2,3,7,-6,11,17,9,14
Europe,Sweden,Allsvenskan,2020,Varbergs BoIS,24,same,NaN,27,24,7,6,11,-5,33,38,27,12,12,5,2,5,-1,17,18,17,11,12,2,4,6,-4,16,20,10,13
Europe,Sweden,Allsvenskan,2020,IFK Goteborg,24,same,NaN,24,24,4,12,8,-10,26,36,24,13,12,2,4,6,-10,12,22,10,15,12,2,8,2,0,14,14,14,9
Europe,Sweden,Allsvenskan,2020,Helsingborgs IF,24,Promotion,Relegation Playoffs,22,24,4,10,10,-12,26,38,22,14,12,3,5,4,-1,12,13,14,12,12,1,5,6,-11,14,25,8,16
Europe,Sweden,Allsvenskan,2020,Falkenbergs FF,24,Relegation,NaN,19,24,4,7,13,-16,26,42,19,15,12,2,4,6,-7,13,20,10,14,12,2,3,7,-9,13,22,9,15
Europe,Sweden,Allsvenskan,2020,Kalmar FF,24,Relegation,NaN,19,24,4,7,13,-18,26,44,19,16,12,1,4,7,-11,11,22,7,16,12,3,3,6,-7,15,22,12,12
North America,Mexico,Liga MX - Apertura,2018,Cruz Azul,17,Promotion,Playoffs,36,17,11,3,3,13,26,13,36,1,9,8,1,0,15,18,3,25,1,8,3,2,3,-2,8,10,11,7
North America,Mexico,Liga MX - Apertura,2018,CF America,17,Promotion,Playoffs,33,17,9,6,2,16,33,17,33,2,8,5,3,0,13,19,6,18,5,9,4,3,2,3,14,11,15,3
North America,Mexico,Liga MX - Apertura,2018,Pumas Unam,17,Promotion,Playoffs,30,17,8,6,3,10,29,19,30,3,8,2,4,2,2,16,14,10,14,9,6,2,1,8,13,5,20,1
North America,Mexico,Liga MX - Apertura,2018,Club Santos Laguna,17,Promotion,Playoffs,30,17,8,6,3,9,27,18,30,4,9,6,3,0,11,17,6,21,2,8,2,3,3,-2,10,12,9,11
North America,Mexico,Liga MX - Apertura,2018,CF Monterrey,17,Promotion,Playoffs,30,17,9,3,5,6,25,19,30,5,8,6,1,1,8,17,9,19,4,9,3,2,4,-2,8,10,11,7
North America,Mexico,Liga MX - Apertura,2018,Tigres UANL,17,Promotion,Playoffs,29,17,8,5,4,14,32,18,29,6,9,5,2,2,12,21,9,17,6,8,3,3,2,2,11,9,12,5
North America,Mexico,Liga MX - Apertura,2018,Deportivo Toluca FC,17,Promotion,Playoffs,26,17,8,2,7,5,27,22,26,7,9,6,1,2,10,19,9,19,3,8,2,1,5,-5,8,13,7,13
North America,Mexico,Liga MX - Apertura,2018,Queretaro FC,17,Promotion,Playoffs,26,17,7,5,5,-1,19,20,26,8,8,5,1,2,4,9,5,16,7,9,2,4,3,-5,10,15,10,9
North America,Mexico,Liga MX - Apertura,2018,CA Monarcas Morelia,17,same,NaN,25,17,7,4,6,-3,23,26,25,9,8,3,2,3,-2,9,11,11,13,9,4,2,3,-1,14,15,14,4
North America,Mexico,Liga MX - Apertura,2018,CF Pachuca,17,same,NaN,24,17,6,6,5,8,26,18,24,10,9,4,3,2,8,18,10,15,8,8,2,3,3,0,8,8,9,10
North America,Mexico,Liga MX - Apertura,2018,Guadalajara Chivas,17,same,NaN,20,17,5,5,7,-1,21,22,20,11,8,1,1,6,-6,6,12,4,18,9,4,4,1,5,15,10,16,2
North America,Mexico,Liga MX - Apertura,2018,Puebla FC,17,same,NaN,20,17,5,5,7,-7,23,30,20,12,8,3,3,2,2,13,11,12,12,9,2,2,5,-9,10,19,8,12
North America,Mexico,Liga MX - Apertura,2018,CF Lobos B.U.A.P.,17,same,NaN,19,17,5,4,8,-4,21,25,19,13,8,4,2,2,5,12,7,14,9,9,1,2,6,-9,9,18,5,14
North America,Mexico,Liga MX - Apertura,2018,Club Leon,17,same,NaN,18,17,5,3,9,-5,18,23,18,14,8,2,0,6,-4,8,12,6,16,9,3,3,3,-1,10,11,12,6
North America,Mexico,Liga MX - Apertura,2018,Tijuana de Caliente,17,same,NaN,17,17,4,5,8,-11,13,24,17,15,9,3,4,2,1,11,10,13,10,8,1,1,6,-12,2,14,4,15
North America,Mexico,Liga MX - Apertura,2018,Necaxa,17,same,NaN,14,17,3,5,9,-10,19,29,14,16,9,3,4,2,1,11,10,13,10,8,0,1,7,-11,8,19,1,18
North America,Mexico,Liga MX - Apertura,2018,Atlas FC,17,same,NaN,11,17,2,5,10,-16,11,27,11,17,9,2,3,4,-3,6,9,9,15,8,0,2,6,-13,5,18,2,17
North America,Mexico,Liga MX - Apertura,2018,Tiburones Rojos de Veracruz,17,same,NaN,8,17,2,4,11,-23,17,40,8,18,9,1,3,5,-9,9,18,6,17,8,1,1,6,-14,8,22,4,16
North America,Mexico,Liga MX - Apertura,2019,Club Santos Laguna,18,Promotion,Playoffs,37,18,11,4,3,15,40,25,37,1,9,8,1,0,21,27,6,25,1,9,3,3,3,-6,13,19,12,8
North America,Mexico,Liga MX - Apertura,2019,Club Leon,18,Promotion,Playoffs,33,18,9,6,3,15,38,23,33,2,9,4,5,0,8,19,11,17,4,9,5,1,3,7,19,12,16,2
North America,Mexico,Liga MX - Apertura,2019,Tigres UANL,18,Promotion,Playoffs,32,18,8,8,2,12,26,14,32,3,9,4,4,1,8,15,7,16,7,9,4,4,1,4,11,7,16,3
North America,Mexico,Liga MX - Apertura,2019,Queretaro FC,18,Promotion,Playoffs,31,18,9,4,5,12,31,19,31,4,9,5,2,2,5,15,10,17,5,9,4,2,3,7,16,9,14,5
North America,Mexico,Liga MX - Apertura,2019,Necaxa,18,Promotion,Playoffs,31,18,9,4,5,10,33,23,31,5,9,3,4,2,8,19,11,13,12,9,6,0,3,2,14,12,18,1
North America,Mexico,Liga MX - Apertura,2019,CF America,18,Promotion,Playoffs,31,18,8,7,3,10,32,22,31,6,9,5,3,1,9,19,10,18,2,9,3,4,2,1,13,12,13,7
North America,Mexico,Liga MX - Apertura,2019,CA Monarcas Morelia,18,Promotion,Playoffs,27,18,8,3,7,5,31,26,27,7,9,5,1,3,7,17,10,16,8,9,3,2,4,-2,14,16,11,9
North America,Mexico,Liga MX - Apertura,2019,CF Monterrey,18,Promotion,Playoffs,27,18,8,3,7,4,27,23,27,8,9,5,2,2,4,14,10,17,6,9,3,1,5,0,13,13,10,11
North America,Mexico,Liga MX - Apertura,2019,CF Pachuca,18,same,NaN,25,18,7,4,7,6,32,26,25,9,9,4,0,5,2,15,13,12,14,9,3,4,2,4,17,13,13,6
North America,Mexico,Liga MX - Apertura,2019,Guadalajara Chivas,18,same,NaN,25,18,7,4,7,0,28,28,25,10,9,5,1,3,5,16,11,16,10,9,2,3,4,-5,12,17,9,12
North America,Mexico,Liga MX - Apertura,2019,Tijuana de Caliente,18,same,NaN,24,18,7,3,8,-10,26,36,24,11,9,4,3,2,0,14,14,15,11,9,3,0,6,-10,12,22,9,13
North America,Mexico,Liga MX - Apertura,2019,Cruz Azul,18,same,NaN,23,18,5,8,5,1,25,24,23,12,9,4,4,1,7,17,10,16,8,9,1,4,4,-6,8,14,7,14
North America,Mexico,Liga MX - Apertura,2019,Pumas Unam,18,same,NaN,23,18,6,5,7,1,21,20,23,13,9,5,2,2,9,16,7,17,3,9,1,3,5,-8,5,13,6,16
North America,Mexico,Liga MX - Apertura,2019,Atlas FC,18,same,NaN,21,18,6,3,9,-7,19,26,21,14,9,3,1,5,-1,10,11,10,17,9,3,2,4,-6,9,15,11,10
North America,Mexico,Liga MX - Apertura,2019,San Luis,18,same,NaN,20,18,6,2,10,-9,22,31,20,15,9,1,2,6,-8,7,15,5,19,9,5,0,4,-1,15,16,15,4
North America,Mexico,Liga MX - Apertura,2019,FC Juarez,18,same,NaN,18,18,5,3,10,-10,17,27,18,16,9,4,1,4,3,12,9,13,13,9,1,2,6,-13,5,18,5,18
North America,Mexico,Liga MX - Apertura,2019,Deportivo Toluca FC,18,same,NaN,17,18,4,5,9,-10,16,26,17,17,9,3,2,4,-1,11,12,11,15,9,1,3,5,-9,5,14,6,17
North America,Mexico,Liga MX - Apertura,2019,Puebla FC,18,same,NaN,17,18,4,5,9,-11,20,31,17,18,9,3,2,4,-4,11,15,11,16,9,1,3,5,-7,9,16,6,15
North America,Mexico,Liga MX - Apertura,2019,Tiburones Rojos de Veracruz,18,same,NaN,8,18,1,5,12,-34,11,45,8,19,9,1,3,5,-13,8,21,6,18,9,0,2,7,-21,3,24,2,19
North America,Mexico,Liga MX - Apertura,2020,Club Leon,14,Promotion,Playoffs,33,14,10,3,1,11,21,10,33,1,7,6,1,0,7,13,6,19,1,7,4,2,1,4,8,4,14,1
North America,Mexico,Liga MX - Apertura,2020,Pumas Unam,14,Promotion,Playoffs,27,14,7,6,1,11,24,13,27,2,8,5,3,0,11,17,6,18,2,6,2,3,1,0,7,7,9,8
North America,Mexico,Liga MX - Apertura,2020,Tigres UANL,14,Promotion,Playoffs,26,14,7,5,2,13,24,11,26,3,7,4,2,1,7,13,6,14,5,7,3,3,1,6,11,5,12,2
North America,Mexico,Liga MX - Apertura,2020,Cruz Azul,14,Promotion,Playoffs,26,14,8,2,4,7,20,13,26,4,7,5,1,1,7,11,4,16,3,7,3,1,3,0,9,9,10,7
North America,Mexico,Liga MX - Apertura,2020,CF America,14,Promotion,Playoffs,25,14,7,4,3,6,26,20,25,5,7,4,2,1,7,15,8,14,4,7,3,2,2,-1,11,12,11,4
North America,Mexico,Liga MX - Apertura,2020,CF Monterrey,14,Promotion,Playoffs,23,14,6,5,3,5,22,17,23,6,7,3,3,1,3,12,9,12,7,7,3,2,2,2,10,8,11,3
North America,Mexico,Liga MX - Apertura,2020,Guadalajara Chivas,14,Promotion,Playoffs,22,14,6,4,4,3,15,12,22,7,7,3,3,1,2,8,6,12,9,7,3,1,3,1,7,6,10,5
North America,Mexico,Liga MX - Apertura,2020,CF Pachuca,14,Promotion,Playoffs,21,14,5,6,3,3,15,12,21,8,7,3,2,2,2,10,8,11,11,7,2,4,1,1,5,4,10,6
North America,Mexico,Liga MX - Apertura,2020,Club Santos Laguna,14,Promotion,Playoffs,19,14,5,4,5,0,17,17,19,9,6,3,2,1,4,8,4,11,10,8,2,2,4,-4,9,13,8,10
North America,Mexico,Liga MX - Apertura,2020,Deportivo Toluca FC,14,Promotion,Playoffs,17,14,5,2,7,-6,17,23,17,10,6,4,0,2,3,10,7,12,8,8,1,2,5,-9,7,16,5,14
North America,Mexico,Liga MX - Apertura,2020,Necaxa,14,Promotion,Playoffs,15,14,4,3,7,-7,11,18,15,11,8,3,1,4,-3,7,10,10,14,6,1,2,3,-4,4,8,5,13
North America,Mexico,Liga MX - Apertura,2020,Puebla FC,14,Promotion,Playoffs,14,14,4,2,8,-4,19,23,14,12,6,1,2,3,-1,10,11,5,18,8,3,0,5,-3,9,12,9,9
North America,Mexico,Liga MX - Apertura,2020,FC Juarez,14,same,NaN,14,14,3,5,6,-4,13,17,14,13,7,2,3,2,-1,4,5,9,15,7,1,2,4,-3,9,12,5,12
North America,Mexico,Liga MX - Apertura,2020,Tijuana de Caliente,14,same,NaN,14,14,4,2,8,-11,10,21,14,14,8,4,2,2,2,9,7,14,6,6,0,0,6,-13,1,14,0,18
North America,Mexico,Liga MX - Apertura,2020,Atlas FC,14,same,NaN,13,14,3,4,7,-5,12,17,13,15,7,2,1,4,-2,5,7,7,17,7,1,3,3,-3,7,10,6,11
North America,Mexico,Liga MX - Apertura,2020,CA Monarcas Morelia,14,same,NaN,13,14,3,4,7,-7,18,25,13,16,7,3,2,2,-1,10,11,11,12,7,0,2,5,-6,8,14,2,16
North America,Mexico,Liga MX - Apertura,2020,Queretaro FC,14,same,NaN,12,14,3,3,8,-3,21,24,12,17,6,3,1,2,5,13,8,10,13,8,0,2,6,-8,8,16,2,17
North America,Mexico,Liga MX - Apertura,2020,San Luis,14,same,NaN,11,14,3,2,9,-12,15,27,11,18,8,2,2,4,-4,9,13,8,16,6,1,0,5,-8,6,14,3,15
North America,USA,MLS,2019,Los Angeles FC,34,same,NaN,72,34,21,9,4,48,85,37,72,1,17,13,3,1,28,48,20,42,1,17,8,6,3,20,37,17,30,1
North America,USA,MLS,2019,New York City FC,34,same,NaN,64,34,18,10,6,21,63,42,64,2,17,11,5,1,18,34,16,38,3,17,7,5,5,3,29,26,26,2
North America,USA,MLS,2019,Atlanta United FC,34,same,NaN,58,34,18,4,12,15,58,43,58,3,17,12,3,2,22,36,14,39,2,17,6,1,10,-7,22,29,19,6
North America,USA,MLS,2019,Seattle Sounders,34,same,NaN,56,34,16,8,10,3,52,49,56,4,17,11,4,2,13,34,21,37,5,17,5,4,8,-10,18,28,19,7
North America,USA,MLS,2019,Philadelphia Union,34,same,NaN,55,34,16,7,11,8,58,50,55,5,17,10,4,3,17,36,19,34,9,17,6,3,8,-9,22,31,21,5
North America,USA,MLS,2019,Real Salt Lake,34,same,NaN,53,34,16,5,13,5,46,41,53,6,17,12,1,4,16,31,15,37,4,17,4,4,9,-11,15,26,16,13
North America,USA,MLS,2019,Minnesota United FC,34,same,NaN,53,34,15,8,11,9,52,43,53,7,17,10,6,1,16,29,13,36,7,17,5,2,10,-7,23,30,17,10
North America,USA,MLS,2019,Los Angeles Galaxy,34,same,NaN,51,34,16,3,15,-1,58,59,51,8,17,11,1,5,11,36,25,34,8,17,5,2,10,-12,22,34,17,11
North America,USA,MLS,2019,Toronto FC,34,same,NaN,50,34,13,11,10,5,57,52,50,9,17,9,4,4,8,34,26,31,12,17,4,7,6,-3,23,26,19,8
North America,USA,MLS,2019,DC United,34,same,NaN,50,34,13,11,10,4,42,38,50,10,17,7,6,4,3,25,22,27,19,17,6,5,6,1,17,16,23,3
North America,USA,MLS,2019,Portland Timbers,34,same,NaN,49,34,14,7,13,3,52,49,49,11,17,8,4,5,9,29,20,28,16,17,6,3,8,-6,23,29,21,4
North America,USA,MLS,2019,NY Red Bulls,34,same,NaN,48,34,14,6,14,2,53,51,48,12,17,9,3,5,11,29,18,30,14,17,5,3,9,-9,24,33,18,9
North America,USA,MLS,2019,FC Dallas,34,same,NaN,48,34,13,9,12,8,54,46,48,13,17,10,6,1,22,38,16,36,6,17,3,3,11,-14,16,30,12,20
North America,USA,MLS,2019,New England Revolution,34,same,NaN,45,34,11,12,11,-7,50,57,45,14,17,8,4,5,4,23,19,28,17,17,3,8,6,-11,27,38,17,12
North America,USA,MLS,2019,San Jose Earthquakes,34,same,NaN,44,34,13,5,16,-3,52,55,44,15,17,10,2,5,12,32,20,32,11,17,3,3,11,-15,20,35,12,21
North America,USA,MLS,2019,Colorado Rapids,34,same,NaN,42,34,12,6,16,-5,58,63,42,16,17,9,2,6,7,36,29,29,15,17,3,4,10,-12,22,34,13,18
North America,USA,MLS,2019,Chicago Fire,34,same,NaN,42,34,10,12,12,8,55,47,42,17,17,8,7,2,19,37,18,31,13,17,2,5,10,-11,18,29,11,23
North America,USA,MLS,2019,Montreal Impact,34,same,NaN,41,34,12,5,17,-13,47,60,41,18,17,8,3,6,1,23,22,27,18,17,4,2,11,-14,24,38,14,16
North America,USA,MLS,2019,Houston Dynamo,34,same,NaN,40,34,12,4,18,-10,49,59,40,19,17,10,4,3,12,31,19,34,10,17,2,0,15,-22,18,40,6,24
North America,USA,MLS,2019,Columbus Crew,34,same,NaN,38,34,10,8,16,-8,39,47,38,20,17,6,5,6,-1,21,22,23,21,17,4,3,10,-7,18,25,15,15
North America,USA,MLS,2019,Sporting Kansas City,34,same,NaN,38,34,10,8,16,-18,49,67,38,21,17,7,4,6,0,30,30,25,20,17,3,4,10,-18,19,37,13,19
North America,USA,MLS,2019,Orlando City SC,34,same,NaN,37,34,9,10,15,-8,44,52,37,22,17,6,3,8,-3,26,29,21,22,17,3,7,7,-5,18,23,16,14
North America,USA,MLS,2019,Vancouver Whitecaps FC,34,same,NaN,34,34,8,10,16,-22,37,59,34,23,17,5,5,7,-7,16,23,20,23,17,3,5,9,-15,21,36,14,17
North America,USA,MLS,2019,FC Cincinnati,34,same,NaN,24,34,6,6,22,-44,31,75,24,24,17,3,3,11,-21,15,36,12,24,17,3,3,11,-23,16,39,12,22
North America,USA,MLS,2020,Toronto FC,19,same,NaN,41,19,12,5,2,13,30,17,41,1,10,6,3,1,8,14,6,21,5,9,6,2,1,5,16,11,20,1
North America,USA,MLS,2020,Philadelphia Union,19,same,NaN,38,19,11,5,3,17,34,17,38,2,8,7,1,0,13,18,5,22,3,11,4,4,3,3,15,12,13,5
North America,USA,MLS,2020,Columbus Crew,18,same,NaN,34,18,10,4,4,15,30,15,34,3,9,8,0,1,14,18,4,24,1,8,1,4,3,-3,8,11,7,21
North America,USA,MLS,2020,Orlando City SC,18,same,NaN,32,18,8,8,2,12,30,18,32,4,8,5,3,0,9,16,7,18,7,10,3,5,2,3,14,11,14,4
North America,USA,MLS,2020,Seattle Sounders,17,same,NaN,31,17,9,4,4,18,35,17,31,5,10,7,2,1,17,25,8,23,2,7,2,2,3,1,10,9,8,15
North America,USA,MLS,2020,Portland Timbers,18,same,NaN,31,18,9,4,5,8,38,30,31,6,9,4,2,3,0,15,15,14,13,9,5,2,2,8,23,15,17,2
North America,USA,MLS,2020,Sporting Kansas City,18,same,NaN,30,18,9,3,6,6,31,25,30,7,10,5,1,4,2,18,16,16,9,8,4,2,2,2,11,9,11,8
North America,USA,MLS,2020,New England Revolution,19,same,NaN,28,19,7,7,5,3,21,18,28,8,9,1,5,3,-2,6,8,8,25,10,6,2,2,4,14,10,16,3
North America,USA,MLS,2020,New York City FC,19,same,NaN,27,19,8,3,8,5,24,19,27,9,9,5,0,4,6,16,10,15,10,9,2,3,4,-2,7,9,9,13
North America,USA,MLS,2020,Los Angeles FC,18,same,NaN,25,18,7,4,7,6,40,34,25,10,11,6,3,2,16,34,18,21,4,7,1,1,5,-10,6,16,4,25
North America,USA,MLS,2020,NY Red Bulls,19,same,NaN,25,19,7,4,8,-1,22,23,25,11,8,3,1,4,-1,10,11,10,21,10,3,3,4,-1,11,12,12,7
North America,USA,MLS,2020,Minnesota United FC,17,same,NaN,24,17,6,6,5,5,28,23,24,12,6,3,2,1,6,12,6,11,17,10,2,4,4,-2,14,16,10,11
North America,USA,MLS,2020,FC Dallas,17,same,NaN,24,17,6,6,5,2,22,20,24,13,10,5,4,1,8,16,8,19,6,7,1,2,4,-6,6,12,5,24
North America,USA,MLS,2020,Nashville SC,18,same,NaN,24,18,6,6,6,1,18,17,24,14,8,4,3,1,6,12,6,15,11,10,2,3,5,-5,6,11,9,14
North America,USA,MLS,2020,San Jose Earthquakes,19,same,NaN,24,19,6,6,7,-15,28,43,24,15,9,2,5,2,-4,12,16,11,20,9,4,0,5,-11,16,27,12,6
North America,USA,MLS,2020,Montreal Impact,19,same,NaN,23,19,7,2,10,-7,29,36,23,16,11,4,1,6,-3,16,19,13,14,8,3,1,4,-4,13,17,10,10
North America,USA,MLS,2020,Vancouver Whitecaps FC,19,same,NaN,21,19,7,0,12,-18,22,40,21,17,8,4,0,4,-1,16,17,12,15,11,3,0,8,-17,6,23,9,12
North America,USA,MLS,2020,Real Salt Lake,18,same,NaN,21,18,5,6,7,-3,24,27,21,18,11,4,3,4,-2,14,16,15,12,7,1,3,3,-3,10,13,6,23
North America,USA,MLS,2020,Chicago Fire,18,same,NaN,20,18,5,5,8,-4,24,28,20,19,10,5,2,3,6,18,12,17,8,8,0,3,5,-10,6,16,3,26
North America,USA,MLS,2020,Houston Dynamo,19,same,NaN,20,19,4,8,7,-5,27,32,20,20,8,3,3,2,3,12,9,12,16,11,1,5,5,-8,15,23,8,18
North America,USA,MLS,2020,Colorado Rapids,13,same,NaN,19,13,5,4,4,5,25,20,19,21,6,2,3,1,3,12,9,9,24,6,3,1,2,4,13,9,10,9
North America,USA,MLS,2020,Atlanta United FC,19,same,NaN,19,19,5,4,10,-4,18,22,19,22,11,3,2,6,-3,7,10,11,19,8,2,2,4,-1,11,12,8,16
North America,USA,MLS,2020,Inter Miami CF,19,same,NaN,18,19,5,3,11,-10,19,29,18,23,8,3,2,3,-2,10,12,11,18,10,2,1,7,-7,8,15,7,19
North America,USA,MLS,2020,Los Angeles Galaxy,17,same,NaN,18,17,5,3,9,-12,22,34,18,24,10,3,1,6,-8,13,21,10,22,7,2,2,3,-4,9,13,8,17
North America,USA,MLS,2020,FC Cincinnati,19,same,NaN,16,19,4,4,11,-19,11,30,16,25,9,2,4,3,-3,5,8,10,23,10,2,0,8,-16,6,22,6,22
North America,USA,MLS,2020,DC United,19,same,NaN,15,19,3,6,10,-16,17,33,15,26,10,1,4,5,-9,9,18,7,26,8,2,1,5,-7,6,13,7,20
South America,Brazil,Brasileiro Serie A,2019,CR Flamengo RJ,38,Promotion,Copa Libertadores,90,38,28,6,4,49,86,37,90,1,19,17,2,0,38,56,18,53,1,19,11,4,4,11,30,19,37,1
South America,Brazil,Brasileiro Serie A,2019,Santos FC SP,38,Promotion,Copa Libertadores,74,38,22,8,8,27,60,33,74,2,19,14,4,1,29,44,15,46,2,19,8,4,7,-2,16,18,28,3
South America,Brazil,Brasileiro Serie A,2019,SE Palmeiras SP,38,Promotion,Copa Libertadores,74,38,21,11,6,29,61,32,74,3,19,13,4,2,27,40,13,43,3,19,8,7,4,2,21,19,31,2
South America,Brazil,Brasileiro Serie A,2019,Gremio FB Porto Alegrense RS,38,Promotion,Copa Libertadores,65,38,19,8,11,25,64,39,65,4,19,12,3,4,20,38,18,39,4,19,7,5,7,5,26,21,26,5
South America,Brazil,Brasileiro Serie A,2019,CA Paranaense PR,38,Promotion,Copa Libertadores,64,38,18,10,10,19,51,32,64,5,19,12,3,4,15,26,11,39,5,19,6,7,6,4,25,21,25,6
South America,Brazil,Brasileiro Serie A,2019,Sao Paulo FC SP,38,Promotion,Copa Libertadores,63,38,17,12,9,9,39,30,63,6,19,10,6,3,11,23,12,36,9,19,7,6,6,-2,16,18,27,4
South America,Brazil,Brasileiro Serie A,2019,SC Internacional RS,38,Promotion,Copa Libertadores Qualification,57,38,16,9,13,5,44,39,57,7,19,11,6,2,13,28,15,39,6,19,5,3,11,-8,16,24,18,11
South America,Brazil,Brasileiro Serie A,2019,SC Corinthians SP,38,Promotion,Copa Libertadores Qualification,56,38,14,14,10,8,42,34,56,8,19,10,7,2,12,25,13,37,7,19,4,7,8,-4,17,21,19,10
South America,Brazil,Brasileiro Serie A,2019,Fortaleza EC CE,38,Promotion,Copa Sudamericana,53,38,15,8,15,1,50,49,53,9,19,11,2,6,9,26,17,35,10,19,4,6,9,-8,24,32,18,12
South America,Brazil,Brasileiro Serie A,2019,Goias EC GO,38,Promotion,Copa Sudamericana,52,38,15,7,16,-18,46,64,52,10,19,11,3,5,8,31,23,36,8,19,4,4,11,-26,15,41,16,13
South America,Brazil,Brasileiro Serie A,2019,EC Bahia BA,38,Promotion,Copa Sudamericana,49,38,12,13,13,1,44,43,49,11,19,7,8,4,6,24,18,29,14,19,5,5,9,-5,20,25,20,9
South America,Brazil,Brasileiro Serie A,2019,CR Vasco da Gama RJ,38,Promotion,Copa Sudamericana,49,38,12,13,13,-6,39,45,49,12,19,7,6,6,-2,20,22,27,15,19,5,7,7,-4,19,23,22,7
South America,Brazil,Brasileiro Serie A,2019,Atletico Mineiro MG,38,Promotion,Copa Sudamericana,48,38,13,9,16,-4,45,49,48,13,19,10,2,7,5,28,23,32,11,19,3,7,9,-9,17,26,16,14
South America,Brazil,Brasileiro Serie A,2019,Fluminense FC RJ,38,Promotion,Copa Sudamericana,46,38,12,10,16,-8,38,46,46,14,19,6,7,6,3,18,15,25,16,19,6,3,10,-11,20,31,21,8
South America,Brazil,Brasileiro Serie A,2019,Botafogo FR RJ,38,same,NaN,43,38,13,4,21,-14,31,45,43,15,19,9,2,8,2,19,17,29,13,19,4,2,13,-16,12,28,14,16
South America,Brazil,Brasileiro Serie A,2019,Ceara SC CE,38,same,NaN,39,38,10,9,19,-5,36,41,39,16,19,8,6,5,9,23,14,30,12,19,2,3,14,-14,13,27,9,18
South America,Brazil,Brasileiro Serie A,2019,Cruzeiro EC MG,38,Relegation,NaN,36,38,7,15,16,-19,27,46,36,17,19,5,8,6,-4,13,17,23,18,19,2,7,10,-15,14,29,13,17
South America,Brazil,Brasileiro Serie A,2019,CS Alagoano AL,38,Relegation,NaN,32,38,8,8,22,-34,24,58,32,18,19,6,5,8,-7,17,24,23,17,19,2,3,14,-27,7,34,9,19
South America,Brazil,Brasileiro Serie A,2019,Chapecoense SC,38,Relegation,NaN,32,38,7,11,20,-21,31,52,32,19,19,4,5,10,-6,16,22,17,19,19,3,6,10,-15,15,30,15,15
South America,Brazil,Brasileiro Serie A,2019,Avai FC SC,38,Relegation,NaN,20,38,3,11,24,-44,18,62,20,20,19,1,9,9,-14,10,24,12,20,19,2,2,15,-30,8,38,8,20
South America,Brazil,Brasileiro Serie A,2020,SC Internacional RS,17,Promotion,Copa Libertadores,34,17,10,4,3,15,28,13,34,1,8,6,2,0,11,15,4,20,2,9,4,2,3,4,13,9,14,2
South America,Brazil,Brasileiro Serie A,2020,CR Flamengo RJ,17,Promotion,Copa Libertadores,34,17,10,4,3,11,30,19,34,2,8,4,3,1,6,13,7,15,6,9,6,1,2,5,17,12,19,1
South America,Brazil,Brasileiro Serie A,2020,Atletico Mineiro MG,16,Promotion,Copa Libertadores,31,16,10,1,5,11,31,20,31,3,8,7,1,0,15,21,6,22,1,8,3,0,5,-4,10,14,9,7
South America,Brazil,Brasileiro Serie A,2020,Sao Paulo FC SP,15,Promotion,Copa Libertadores,27,15,7,6,2,7,20,13,27,4,8,5,3,0,8,12,4,18,3,7,2,3,2,-1,8,9,9,8
South America,Brazil,Brasileiro Serie A,2020,Santos FC SP,17,Promotion,Copa Libertadores Qualification,27,17,7,6,4,4,23,19,27,5,9,3,4,2,3,14,11,13,9,8,4,2,2,1,9,8,14,3
South America,Brazil,Brasileiro Serie A,2020,Fluminense FC RJ,17,Promotion,Copa Libertadores Qualification,26,17,7,5,5,5,25,20,26,6,9,5,3,1,7,16,9,18,4,8,2,2,4,-2,9,11,8,10
South America,Brazil,Brasileiro Serie A,2020,Fortaleza EC CE,16,Promotion,Copa Sudamericana,24,16,6,6,4,5,16,11,24,7,8,5,2,1,6,9,3,17,5,8,1,4,3,-1,7,8,7,15
South America,Brazil,Brasileiro Serie A,2020,SE Palmeiras SP,16,Promotion,Copa Sudamericana,22,16,5,7,4,-1,19,20,22,8,8,2,4,2,-2,10,12,10,16,8,3,3,2,1,9,8,12,4
South America,Brazil,Brasileiro Serie A,2020,AC Goianiense GO,17,Promotion,Copa Sudamericana,22,17,5,7,5,-4,17,21,22,9,8,2,4,2,1,12,11,10,15,9,3,3,3,-5,5,10,12,5
South America,Brazil,Brasileiro Serie A,2020,SC Corinthians SP,18,Promotion,Copa Sudamericana,21,18,5,6,7,-5,21,26,21,10,8,2,4,2,-3,11,14,10,18,10,3,2,5,-2,10,12,11,6
South America,Brazil,Brasileiro Serie A,2020,Gremio FB Porto Alegrense RS,16,Promotion,Copa Sudamericana,21,16,4,9,3,2,17,15,21,11,8,3,4,1,3,10,7,13,10,8,1,5,2,-1,7,8,8,13
South America,Brazil,Brasileiro Serie A,2020,SC Recife PE,17,Promotion,Copa Sudamericana,20,17,6,2,9,-8,18,26,20,12,8,4,0,4,-1,11,12,12,11,9,2,2,5,-7,7,14,8,12
South America,Brazil,Brasileiro Serie A,2020,EC Bahia BA,17,same,NaN,19,17,5,4,8,-3,22,25,19,13,9,4,1,4,1,14,13,13,8,8,1,3,4,-4,8,12,6,16
South America,Brazil,Brasileiro Serie A,2020,Ceara SC CE,16,same,NaN,19,16,5,4,7,-4,19,23,19,14,8,4,2,2,2,10,8,14,7,8,1,2,5,-6,9,15,5,17
South America,Brazil,Brasileiro Serie A,2020,Botafogo FR RJ,17,same,NaN,19,17,3,10,4,-3,17,20,19,15,9,2,4,3,-2,8,10,10,17,8,1,6,1,-1,9,10,9,9
South America,Brazil,Brasileiro Serie A,2020,CR Vasco da Gama RJ,16,same,NaN,18,16,5,3,8,-5,19,24,18,16,8,3,2,3,1,9,8,11,14,8,2,1,5,-6,10,16,7,14
South America,Brazil,Brasileiro Serie A,2020,CA Paranaense PR,16,Relegation,NaN,16,16,4,4,8,-5,12,17,16,17,9,3,3,3,0,6,6,12,12,7,1,1,5,-5,6,11,4,19
South America,Brazil,Brasileiro Serie A,2020,Coritiba FC PR,17,Relegation,NaN,16,17,4,4,9,-8,14,22,16,18,8,2,2,4,-2,4,6,8,19,9,2,2,5,-6,10,16,8,11
South America,Brazil,Brasileiro Serie A,2020,CA Bragantino SP,17,Relegation,NaN,16,17,3,7,7,-5,19,24,16,19,8,3,2,3,1,11,10,11,13,9,0,5,4,-6,8,14,5,18
South America,Brazil,Brasileiro Serie A,2020,Goias EC GO,15,Relegation,NaN,11,15,2,5,8,-9,19,28,11,20,8,2,2,4,-3,13,16,8,20,7,0,3,4,-6,6,12,3,20
